eye  0 2 7
viewdir  0 0 -1
updir  0 1 0
vfov  60
imsize 100 100
bkgcolor 0 0 0

light 0 0 -1 0 1.0 1.0 1.0
light 0 0 1 0 1.0 1.0 1.0

light 0 -1 0 0 1.0 1.0 1.0

mtlcolor 1 1 1 1 1 1 0.1 .5 0.0 20 1 1

v -0.024144 0.465207 0.446553
v 0.145264 0.480887 0.212219
v 0.165065 0.488412 -0.140006
v -0.002267 0.505619 -0.395379
v 0.039097 0.758749 -0.487221
v 0.291343 0.750908 -0.138162
v 0.259482 0.731386 0.265952
v 0.030529 0.730157 0.570469
v 0.025744 0.599982 -0.449141
v -0.015184 0.562934 0.502160
v 0.214841 0.580934 0.225566
v 0.243319 0.579782 -0.136902
v 0.110060 0.477859 0.343022
v 0.230530 0.744512 0.446317
v 0.167762 0.579874 0.375313
v 0.119960 0.511272 -0.340364
v 0.219306 0.755737 -0.377529
v 0.173847 0.588320 -0.352850
v 0.033371 1.030578 -0.583983
v 0.334514 1.025369 -0.148871
v 0.314361 1.003990 0.326110
v 0.037761 0.992451 0.697729
v 0.238061 1.011974 0.552759
v 0.243766 1.032055 -0.449822
v -0.001362 1.359011 -0.738742
v 0.357375 1.347858 -0.188363
v 0.340087 1.329427 0.397448
v 0.025585 1.273075 0.880663
v 0.251372 1.316959 0.701132
v 0.244981 1.337900 -0.559155
v -0.047068 1.620335 -0.856886
v 0.362713 1.683118 -0.268644
v 0.342069 1.667606 0.490233
v -0.043071 1.520300 1.107095
v 0.204294 1.601346 0.915605
v 0.191696 1.632236 -0.697398
v -0.047126 1.984668 -0.964308
v 0.338512 2.027664 -0.364817
v 0.436571 2.124482 0.616849
v -0.082120 1.810411 1.276867
v 0.210250 2.036505 1.143359
v 0.169480 2.013356 -0.830935
v -0.073436 2.404481 -1.046548
v 0.299765 2.451848 -0.477348
v 0.364385 2.575465 0.718248
v -0.308399 1.981586 1.338887
v -0.019617 2.363501 1.214991
v 0.102146 2.429185 -0.949520
v -0.062008 2.821981 -1.075708
v 0.260613 2.853201 -0.549306
v 0.327250 2.898872 0.620506
v -0.514920 2.141838 1.398978
v -0.219675 2.553875 1.236817
v 0.079243 2.827439 -0.999961
v 0.155553 0.483606 0.045035
v 0.277350 0.740861 0.068639
v 0.230970 0.580127 0.048905
v 0.326721 1.013849 0.094931
v 0.354340 1.339895 0.112350
v 0.356105 1.678238 0.117773
v 0.341134 2.037301 0.091926
v 0.334949 2.458855 0.067134
v 0.361909 2.906066 0.049938
v -0.032101 3.066715 -1.062425
v 0.148599 3.059899 -0.584254
v 0.193356 3.087142 0.624698
v -0.561343 2.212783 1.081731
v -0.035090 2.855532 1.147923
v 0.086722 3.023790 -0.994269
v 0.228558 3.138749 0.035779
v -0.584687 2.062495 1.281153
v -0.435018 2.122823 0.992080
v -0.400507 1.921558 1.218400
v -0.436031 2.458193 1.103777
v -0.143318 2.868411 1.105092
v -0.269205 3.000335 0.905003
v -0.208806 3.128667 0.612068
v 0.000813 3.156095 0.623478
v 0.041036 3.371039 0.726229
v -0.048854 3.278571 1.098244
v -0.219776 3.249068 1.058171
v -0.313745 3.311052 0.918292
v -0.220225 3.397569 0.723178
v -0.109792 3.398919 0.685746
v 0.129739 0.479361 0.283318
v 0.195512 0.581031 0.305612
v 0.237140 0.736832 0.361115
v 0.286125 1.009828 0.450244
v 0.309375 1.325853 0.562944
v 0.296545 1.637437 0.727822
v 0.380955 2.098105 0.919153
v 0.236819 2.510774 1.030675
v 0.224753 2.791141 1.007088
v 0.215497 3.001932 0.952788
v 0.103591 3.364989 0.952118
v -0.084905 3.779194 0.731669
v -0.184616 3.742082 1.102471
v -0.324613 3.635415 1.053679
v -0.385655 3.588743 0.914119
v -0.313121 3.655063 0.731920
v -0.221419 3.740964 0.686572
v -0.036813 3.804470 0.955608
v -0.632234 4.145289 0.746139
v -0.677401 4.045894 1.092517
v -0.663860 3.876661 1.047797
v -0.653552 3.801729 0.914854
v -0.663989 3.892458 0.734046
v -0.686357 4.019796 0.697128
v -0.633614 4.195745 0.950599
v -1.150519 3.893468 0.747183
v -1.091260 3.784823 1.091493
v -1.026342 3.647681 1.032036
v -0.964333 3.587786 0.896878
v -0.999353 3.652359 0.733166
v -1.076594 3.769307 0.695355
v -1.173973 3.924435 0.949490
v -1.354837 3.753059 0.779651
v -1.320217 3.631884 1.022140
v -1.239435 3.545147 1.001927
v -1.229599 3.521460 0.902664
v -1.246746 3.546145 0.778792
v -1.308866 3.630749 0.756889
v -1.385774 3.755067 0.929918
v -1.355708 3.612534 0.917707
v -0.278143 3.142926 0.340049
v -0.172524 3.168719 0.035008
v 0.016158 3.213354 0.032923
v 0.114924 3.434415 0.515273
v 0.138171 3.441859 0.122765
v -0.115162 3.481615 0.530096
v -0.007019 3.455995 0.555780
v -0.248170 3.481499 0.338616
v -0.136209 3.473455 0.139962
v 0.009679 3.472434 0.094796
v 0.276361 0.735745 0.167666
v 0.328678 1.008533 0.210445
v 0.353544 1.334212 0.254176
v 0.359874 1.673589 0.302505
v 0.359000 2.041648 0.310815
v 0.387123 2.464036 0.327842
v 0.407599 2.906151 0.330807
v 0.156504 0.482211 0.129324
v 0.229674 0.580653 0.137656
v 0.325134 3.099682 0.326874
v 0.240048 3.431733 0.325980
v 0.063787 3.797320 0.505721
v 0.081268 3.801570 0.135415
v -0.165377 3.796431 0.526087
v -0.056060 3.802893 0.547429
v -0.289874 3.750739 0.337362
v -0.183046 3.783329 0.143164
v -0.046867 3.817072 0.102322
v 0.173793 3.802364 0.326476
v -0.213949 4.286993 0.489814
v -0.196686 4.296916 0.144543
v -0.407736 4.189465 0.506887
v -0.308733 4.242028 0.530470
v -0.517725 4.129739 0.328472
v -0.416751 4.182247 0.140090
v -0.292321 4.249393 0.106003
v -0.132415 4.332907 0.329619
v -0.774577 4.866037 0.458976
v -0.746049 4.888128 0.138379
v -0.891603 4.687953 0.459658
v -0.835846 4.780811 0.489309
v -0.953145 4.607759 0.299255
v -0.911306 4.661640 0.142423
v -0.821355 4.771855 0.097916
v -0.714540 4.943636 0.304960
v -0.948020 4.967603 0.430376
v -0.913099 4.996684 0.161018
v -1.048126 4.814903 0.428179
v -1.014350 4.903159 0.440307
v -1.109075 4.779059 0.287847
v -1.066610 4.788077 0.162383
v -1.003830 4.895102 0.131919
v -0.922074 5.052551 0.299085
v -1.087948 4.961800 0.278170
v 0.135265 3.370116 -0.444531
v -0.253426 3.135330 -0.238870
v -0.176679 3.164322 -0.570632
v -0.013101 3.161062 -0.567585
v 0.154255 3.386315 -0.057195
v -0.132555 3.422048 -0.073380
v 0.022570 3.422706 -0.029718
v -0.242962 3.414664 -0.244245
v -0.126464 3.413868 -0.432200
v 0.003327 3.394594 -0.468409
v 0.164012 0.484911 -0.043303
v 0.245091 0.578769 -0.040260
v 0.292550 0.745096 -0.030827
v 0.338169 1.018376 -0.020976
v 0.362220 1.343415 -0.031412
v 0.372341 1.683037 -0.064999
v 0.358384 2.029786 -0.124215
v 0.362041 2.452294 -0.199200
v 0.401153 2.886677 -0.246105
v 0.330369 3.088540 -0.271959
v 0.251435 3.376254 -0.256673
v 0.058224 3.814692 -0.435231
v 0.079135 3.815970 -0.072241
v -0.182481 3.764419 -0.077940
v -0.038370 3.795530 -0.037848
v -0.274620 3.731526 -0.248779
v -0.175282 3.767505 -0.428862
v -0.057830 3.792428 -0.463126
v 0.159314 3.831102 -0.256029
v -0.089976 4.284836 -0.416010
v -0.077853 4.283767 -0.092755
v -0.319269 4.223002 -0.092688
v -0.183172 4.243688 -0.056974
v -0.404457 4.194489 -0.246570
v -0.303856 4.235721 -0.418580
v -0.192998 4.261259 -0.447862
v -0.013548 4.312205 -0.256232
v -0.336136 4.767762 -0.419603
v -0.327913 4.766233 -0.095777
v -0.559976 4.654700 -0.091196
v -0.419188 4.704465 -0.058586
v -0.645416 4.620135 -0.251036
v -0.547318 4.662973 -0.422876
v -0.446140 4.709882 -0.453388
v -0.271464 4.815409 -0.256844
v -0.440333 4.927380 -0.397454
v -0.436957 4.911174 -0.110279
v -0.644864 4.814789 -0.110154
v -0.537369 4.864657 -0.086676
v -0.715827 4.820138 -0.263402
v -0.639335 4.821517 -0.404254
v -0.551670 4.883957 -0.419999
v -0.414395 4.986120 -0.255198
v -0.613158 4.965185 -0.256558
v -0.226557 3.160711 -0.822076
v -0.155418 3.133099 -1.008059
v 0.001333 3.241995 -1.045666
v 0.127639 3.207430 -0.643555
v 0.105428 3.193279 -0.981785
v -0.117753 3.320053 -0.653062
v 0.010714 3.271642 -0.607010
v -0.174875 3.338284 -0.838784
v -0.103984 3.311160 -1.002183
v 0.276828 0.753207 -0.252939
v 0.151353 0.495629 -0.241754
v 0.228447 0.583056 -0.240159
v 0.315155 1.030133 -0.294385
v 0.332574 1.339378 -0.363475
v 0.321244 1.660494 -0.478447
v 0.294918 2.022333 -0.595627
v 0.249978 2.439518 -0.715844
v 0.214169 2.828942 -0.779823
v 0.181623 3.017532 -0.801946
v 0.189061 3.184658 -0.812965
v 0.049155 3.511153 -1.048092
v 0.174180 3.472784 -0.659494
v 0.149604 3.469717 -0.984608
v -0.058397 3.577943 -0.673274
v 0.068927 3.530240 -0.621151
v -0.116488 3.591673 -0.841768
v -0.051759 3.571995 -1.003734
v 0.232166 3.456474 -0.817853
v 0.115285 3.965652 -1.029825
v 0.240049 3.960107 -0.664583
v 0.213860 3.947578 -0.973410
v -0.008363 4.011471 -0.675794
v 0.128246 3.992291 -0.621926
v -0.062409 4.010126 -0.841216
v 0.005918 4.002627 -0.988011
v 0.291225 3.949025 -0.816833
v 0.091131 4.226323 -1.010907
v 0.220288 4.250020 -0.663789
v 0.191625 4.216014 -0.961167
v -0.029342 4.264957 -0.674806
v 0.105254 4.256182 -0.618932
v -0.078728 4.261721 -0.834596
v -0.016794 4.251309 -0.968778
v 0.266280 4.231759 -0.813129
v 0.074143 4.469803 -0.958295
v 0.201867 4.473358 -0.686284
v 0.172688 4.472317 -0.921240
v -0.020141 4.457540 -0.686170
v 0.098833 4.454016 -0.642481
v -0.066866 4.457500 -0.811669
v -0.022000 4.463654 -0.922896
v 0.238847 4.487329 -0.808503
v 0.078271 4.571152 -0.892194
v 0.158237 4.561172 -0.719361
v 0.149842 4.563052 -0.876234
v 0.009194 4.557523 -0.719680
v 0.088544 4.563902 -0.702177
v -0.013579 4.562927 -0.800885
v 0.002282 4.555167 -0.882635
v 0.177023 4.575810 -0.799613
v 0.085223 4.593014 -0.796553
v -0.430768 2.366402 0.939406
v -0.157583 0.518456 -0.385488
v -0.212015 0.501183 -0.281590
v -0.233269 0.490350 -0.173477
v -0.246998 0.480266 -0.053077
v -0.249700 0.471322 0.054995
v -0.241213 0.467397 0.144771
v -0.221851 0.464048 0.228358
v -0.190170 0.457415 0.316725
v -0.124040 0.453620 0.410653
v -0.185991 0.611086 -0.427865
v -0.301861 0.604058 -0.292629
v -0.331982 0.592313 -0.174219
v -0.345994 0.585397 -0.047813
v -0.347913 0.579482 0.062725
v -0.336710 0.571997 0.157785
v -0.313494 0.562587 0.260795
v -0.273658 0.555346 0.378719
v -0.163416 0.545253 0.479871
v -0.205904 0.763264 -0.474928
v -0.339656 0.759454 -0.313599
v -0.368661 0.753555 -0.183645
v -0.380248 0.752138 -0.039552
v -0.379809 0.746538 0.072401
v -0.369088 0.742320 0.178747
v -0.349857 0.728651 0.298824
v -0.287531 0.711528 0.432451
v -0.147908 0.697175 0.550240
v -0.229859 1.024840 -0.573615
v -0.388353 1.028528 -0.385934
v -0.417532 1.032506 -0.222209
v -0.412093 1.034631 -0.060404
v -0.403633 1.030422 0.074695
v -0.377179 1.021116 0.206668
v -0.383726 1.002961 0.358232
v -0.335768 0.976417 0.535289
v -0.169648 0.954936 0.669752
v -0.269603 1.370245 -0.747746
v -0.305893 1.637313 -0.847041
v -0.280208 1.995841 -0.929946
v -0.266488 2.417313 -0.987326
v -0.227399 2.856306 -1.016477
v -0.453267 1.393113 -0.549217
v -0.482213 1.676708 -0.653189
v -0.438992 2.023939 -0.726968
v -0.397283 2.438339 -0.777288
v -0.333830 2.888998 -0.812678
v -0.493731 1.413476 -0.289557
v -0.486707 1.704610 -0.372812
v -0.435779 2.038525 -0.438694
v -0.385329 2.426843 -0.501908
v -0.323556 2.884818 -0.549929
v -0.453594 1.415633 -0.070399
v -0.429301 1.741633 -0.133725
v -0.353094 2.090513 -0.177292
v -0.320944 2.443719 -0.208023
v -0.291945 2.864551 -0.217290
v -0.399565 1.406124 0.084356
v -0.372611 1.752594 0.062410
v -0.331477 2.114012 0.048070
v -0.311299 2.453945 0.041785
v -0.262645 2.858117 0.035473
v -0.442359 1.384689 0.256444
v -0.420320 1.766793 0.269813
v -0.372103 2.114239 0.285090
v -0.312078 2.443327 0.293206
v -0.285935 2.835306 0.308660
v -0.458572 1.345521 0.441991
v -0.466449 1.750276 0.514250
v -0.386902 2.109296 0.551958
v -0.325203 2.437127 0.566111
v -0.293330 2.798077 0.590578
v -0.187690 1.244279 0.840524
v -0.187137 1.507781 1.042165
v -0.191689 1.756799 1.164083
v -0.385573 1.273618 0.660340
v -0.406321 1.650051 0.829973
v -0.297567 1.983162 0.859384
v -0.318918 2.740937 0.847888
v -0.337781 2.371150 0.792860
v -0.305563 2.706636 1.008087
v 0.161556 0.744605 0.521030
v 0.067498 0.475908 0.411122
v 0.108481 0.576745 0.451152
v 0.167923 1.010583 0.639608
v 0.170724 1.301147 0.808408
v 0.112072 1.563739 1.037750
v 0.062010 1.967079 1.285309
v -0.181311 2.186663 1.331506
v -0.391446 2.353126 1.373978
v -0.723374 2.282072 1.430083
v -0.566294 2.575320 1.299489
v -0.720242 2.337430 1.102841
v -0.783451 2.204156 1.309832
v -0.618328 2.520925 1.139777
v -0.638496 2.479071 1.442163
v -0.948579 2.476652 1.344517
v -0.805820 2.754537 1.259052
v -0.916457 2.558536 1.046072
v -0.982418 2.417530 1.205812
v -0.818126 2.721874 1.101772
v -0.882467 2.650395 1.391243
v -1.142518 2.670481 1.268886
v -1.047337 2.826050 1.210424
v -1.078631 2.731307 1.064651
v -1.145372 2.642341 1.176353
v -1.040932 2.809058 1.102311
v -1.097176 2.752384 1.296401
v -1.120095 2.756406 1.181534
v -0.597259 2.102441 1.161300
v -0.446234 1.987391 1.090662
v -0.165717 0.453856 0.363252
v -0.232863 0.548222 0.434530
v -0.245999 0.699843 0.500044
v -0.276322 0.960063 0.611036
v -0.258946 1.815806 1.016760
v -0.336549 1.572911 0.956786
v -0.310369 1.252764 0.759786
v -0.769881 2.244729 1.170444
v -0.970203 2.461437 1.105385
v -1.110493 2.655180 1.093784
v 0.147778 3.204956 -0.480026
v 0.003892 3.248049 -0.495374
v 0.033457 3.283471 -0.008586
v 0.181909 3.243030 -0.031598
v -0.126774 3.264699 -0.461984
v -0.121594 3.282574 -0.045720
v -0.235152 3.273163 -0.242623
v 0.287828 3.223280 -0.261972
v -0.152939 3.317925 0.124842
v 0.000068 3.311160 0.078616
v 0.165159 3.273273 0.099517
v 0.147724 3.237054 0.543101
v 0.006619 3.276647 0.575924
v -0.260859 3.321151 0.347871
v -0.131662 3.313105 0.548269
v 0.278141 3.257537 0.326184
v -0.172481 3.065958 1.069845
v -0.278888 3.156989 0.914823
v 0.108647 3.198298 0.698344
v -0.048136 3.246911 0.668184
v 0.004680 3.065400 1.110066
v -0.178838 3.252726 0.699740
v 0.177864 3.174088 0.942867
v -0.026844 3.623581 0.730721
v 0.027605 3.636145 0.955159
v -0.359825 3.525095 0.915975
v -0.273099 3.582616 0.729424
v -0.281566 3.523839 1.054928
v -0.118766 3.574856 1.100336
v -0.161652 3.619655 0.686845
v -0.312912 3.854431 1.099938
v -0.435228 3.721344 1.051832
v -0.425399 3.730141 0.732769
v -0.347543 3.833286 0.689420
v -0.234151 3.923985 0.735783
v -0.199199 3.965606 0.954238
v -0.486153 3.661530 0.914264
v -0.821416 4.109287 0.746301
v -0.839465 4.151982 0.950204
v -0.709278 3.762223 0.910994
v -0.740089 3.845246 0.733387
v -0.796963 3.994828 1.094165
v -0.738183 3.832391 1.050075
v -0.794859 3.965807 0.695981
v -0.552604 4.017075 1.094505
v -0.614592 3.872918 0.733815
v -0.496310 4.089853 0.743202
v -0.646122 3.789637 0.914915
v -0.617263 3.859984 1.048724
v -0.572107 3.995171 0.695076
v -0.481857 4.141408 0.951656
v -0.112973 3.915986 0.543443
v -0.221935 3.891190 0.521472
v -0.344112 3.839415 0.335446
v -0.236240 3.878593 0.142301
v 0.020080 3.942988 0.138090
v 0.106922 3.961915 0.327387
v 0.001938 3.936035 0.501660
v -0.102382 3.927937 0.103515
v -0.031126 3.713732 0.549304
v 0.086205 3.702640 0.507516
v -0.156801 3.708828 0.142534
v -0.018417 3.728747 0.100874
v -0.134710 3.720040 0.527000
v -0.255626 3.677260 0.337317
v 0.103815 3.706067 0.132649
v 0.198248 3.701872 0.326328
v -0.537309 4.594164 0.514330
v -0.464776 4.670916 0.477057
v -0.620712 4.492340 0.138829
v -0.522081 4.594822 0.100533
v -0.607523 4.506934 0.486517
v -0.674332 4.430377 0.313221
v -0.443987 4.685178 0.140402
v -0.401502 4.737845 0.319272
v -0.353406 4.538416 0.482599
v -0.423828 4.485401 0.103498
v -0.532360 4.415095 0.495368
v -0.286848 4.587561 0.327696
v -0.439632 4.482444 0.521246
v -0.542948 4.406308 0.139224
v -0.630451 4.349499 0.321125
v -0.334494 4.551138 0.143381
v -0.638457 4.661814 0.508608
v -0.715883 4.550885 0.138943
v -0.759977 4.491741 0.308221
v -0.548230 4.762790 0.138384
v -0.571479 4.745296 0.472883
v -0.622649 4.660163 0.097849
v -0.700873 4.569093 0.479192
v -0.509453 4.818009 0.314049
v -0.254626 3.613262 -0.249281
v -0.150437 3.631725 -0.429443
v -0.157796 3.632220 -0.077629
v -0.008542 3.646940 -0.035270
v 0.093412 3.634479 -0.436689
v 0.192899 3.638394 -0.255268
v -0.028214 3.633226 -0.464275
v 0.114630 3.639014 -0.067027
v -0.082181 3.931798 -0.043512
v -0.224545 3.902925 -0.082221
v 0.013182 3.960597 -0.427694
v -0.097255 3.936733 -0.457650
v 0.030456 3.960991 -0.078492
v -0.214320 3.908941 -0.425455
v 0.104016 3.979912 -0.253881
v -0.319272 3.868676 -0.247787
v -0.432585 4.317407 -0.242861
v -0.344477 4.357353 -0.419201
v -0.133649 4.421395 -0.415792
v -0.061817 4.455254 -0.256799
v -0.223629 4.372779 -0.058460
v -0.359146 4.346584 -0.092783
v -0.237281 4.390692 -0.448460
v -0.123187 4.421123 -0.094796
v 0.165279 0.486105 -0.086249
v 0.245550 0.578961 -0.084410
v 0.293251 0.748133 -0.080103
v 0.337742 1.021459 -0.078521
v 0.361533 1.346334 -0.102503
v 0.368816 1.684920 -0.158570
v 0.355241 2.029056 -0.234993
v 0.335045 2.452941 -0.330589
v 0.340255 2.875210 -0.391708
v -0.225725 3.135374 -0.392900
v 0.257037 3.065991 -0.422024
v -0.198119 3.415880 -0.341176
v 0.205453 3.371211 -0.355635
v -0.235528 3.746213 -0.342151
v 0.119159 3.825320 -0.349974
v -0.365744 4.212348 -0.336057
v -0.043049 4.300686 -0.339179
v -0.608823 4.638461 -0.341621
v -0.294288 4.799128 -0.342160
v -0.688788 4.828985 -0.344213
v -0.426963 4.971210 -0.336094
v -0.593676 4.951867 -0.350960
v -0.241591 0.484774 -0.108020
v -0.340023 0.588122 -0.107177
v -0.375714 0.752531 -0.106470
v -0.415411 1.033979 -0.137457
v -0.476160 1.415960 -0.164009
v -0.457423 1.726437 -0.239053
v -0.387159 2.066510 -0.290269
v -0.347276 2.432684 -0.342708
v -0.301553 2.869080 -0.373139
v -0.194502 3.268045 -0.356488
v 0.230873 3.210841 -0.377778
v -0.213936 3.621885 -0.342701
v 0.153594 3.636577 -0.350340
v -0.278071 3.885359 -0.339938
v 0.068186 3.972507 -0.344637
v -0.400843 4.330089 -0.335639
v -0.088641 4.441009 -0.339356
v -0.482643 4.396891 -0.243614
v -0.186999 4.533619 -0.418428
v -0.271631 4.477046 -0.057622
v -0.397317 4.445424 -0.421570
v -0.118832 4.574158 -0.256754
v -0.409588 4.434054 -0.090992
v -0.293026 4.488883 -0.451345
v -0.177152 4.533544 -0.094177
v -0.453519 4.414491 -0.337180
v -0.144181 4.558229 -0.340652
v 0.043850 3.413449 -0.617238
v -0.083186 3.463965 -0.668722
v -0.143474 3.480612 -0.841603
v -0.075458 3.457264 -1.004080
v 0.028327 3.392606 -1.047378
v 0.129748 3.348158 -0.983579
v 0.214848 3.336829 -0.816887
v 0.153248 3.353798 -0.654539
v 0.107422 3.811301 -1.036470
v 0.200729 3.778862 -0.977287
v -0.001500 3.858245 -0.676589
v -0.059937 3.858454 -0.840793
v 0.276289 3.770846 -0.817523
v 0.227750 3.783726 -0.664319
v 0.126778 3.833423 -0.624691
v 0.005881 3.857327 -0.994357
v -0.202839 3.417703 -0.155915
v -0.222773 3.138691 -0.106771
v 0.159471 0.484135 0.002335
v 0.238089 0.579410 0.004303
v 0.284925 0.742941 0.018887
v 0.332392 1.016081 0.036962
v 0.356982 1.341317 0.040112
v 0.361784 1.679971 0.025878
v 0.349380 2.033417 -0.015361
v 0.350515 2.456629 -0.065916
v 0.384464 2.896412 -0.097245
v 0.299021 3.107394 -0.120575
v 0.215811 3.378142 -0.152654
v -0.241909 3.744096 -0.160260
v 0.130088 3.825806 -0.160633
v -0.375214 4.206627 -0.166615
v -0.036794 4.301971 -0.171990
v -0.619750 4.633258 -0.166981
v -0.293224 4.799024 -0.171988
v -0.700824 4.824295 -0.178699
v -0.434700 4.962635 -0.172037
v -0.608617 4.935994 -0.159587
v -0.249189 0.475468 0.003104
v -0.347761 0.582547 0.008246
v -0.380692 0.749432 0.017569
v -0.408383 1.032691 0.007718
v -0.440596 1.414583 0.011969
v -0.414443 1.750118 -0.030811
v -0.340011 2.104653 -0.064870
v -0.307602 2.448005 -0.083691
v -0.275237 2.862102 -0.089536
v -0.192551 3.278311 -0.139739
v 0.248217 3.233721 -0.141157
v -0.220280 3.620977 -0.160567
v 0.164761 3.638163 -0.157391
v 0.077390 3.972984 -0.162842
v -0.285653 3.882104 -0.161915
v -0.083805 4.442453 -0.173219
v -0.408094 4.329758 -0.164235
v -0.140037 4.559334 -0.172826
v -0.458146 4.411212 -0.163650
v -0.239321 3.149206 0.193109
v -0.207324 3.477335 0.235878
v 0.276880 0.738340 0.118171
v 0.327752 1.011223 0.152704
v 0.352609 1.336772 0.182927
v 0.358068 1.675941 0.210152
v 0.350527 2.039615 0.201057
v 0.361044 2.461240 0.197589
v 0.384721 2.902463 0.185863
v 0.156135 0.482876 0.087784
v 0.230263 0.580429 0.093300
v 0.291701 3.111203 0.185430
v 0.201470 3.434383 0.220123
v -0.250158 3.760606 0.236777
v 0.139401 3.801117 0.227342
v -0.479687 4.149037 0.230581
v -0.156371 4.319612 0.234655
v -0.942228 4.623584 0.218152
v -0.724526 4.926911 0.218066
v -1.100316 4.780535 0.214799
v -0.923760 5.032204 0.218441
v -1.072205 4.935841 0.189787
v -0.246242 0.469014 0.101362
v -0.343138 0.575934 0.110565
v -0.375055 0.744657 0.125147
v -0.400236 1.027448 0.142299
v -0.414866 1.396416 0.168904
v -0.389145 1.761859 0.165630
v -0.347645 2.115387 0.165652
v -0.306170 2.448385 0.164645
v -0.272731 2.847695 0.172447
v 0.238691 3.262533 0.207142
v -0.221191 3.320515 0.233815
v -0.304046 3.853049 0.235356
v 0.074450 3.954160 0.229312
v -0.216444 3.686986 0.236451
v 0.162752 3.701960 0.225788
v -0.656368 4.451241 0.223110
v -0.415641 4.719885 0.227592
v -0.599383 4.370432 0.226967
v -0.302892 4.574545 0.233409
v -0.746427 4.510925 0.220869
v -0.522296 4.799548 0.224016
v 0.268554 0.733149 0.217161
v 0.327579 1.006920 0.269382
v 0.347749 1.331683 0.325460
v 0.352467 1.671237 0.394858
v 0.351865 2.046259 0.420668
v 0.406971 2.522475 0.522750
v 0.370866 2.905199 0.474073
v 0.151679 0.481516 0.172287
v 0.222802 0.580878 0.182013
v 0.279065 3.084987 0.470306
v -0.247441 3.134449 0.475076
v 0.190572 3.432095 0.424516
v -0.192725 3.484568 0.439186
v 0.129898 3.799533 0.419646
v -0.238606 3.771168 0.436846
v -0.165046 4.314117 0.412899
v -0.472622 4.153835 0.422380
v -0.740376 4.914107 0.386631
v -0.929319 4.638744 0.383743
v -0.942807 5.023131 0.376163
v -1.090648 4.799656 0.368673
v -1.073294 4.953536 0.371425
v -0.232183 0.465894 0.187603
v -0.325897 0.567120 0.208258
v -0.360387 0.735911 0.237920
v -0.376319 1.011853 0.279754
v -0.466804 1.369053 0.351795
v -0.446947 1.762053 0.387205
v -0.373773 2.111880 0.407568
v -0.320630 2.441774 0.428680
v -0.293040 2.820688 0.449692
v -0.208378 3.319639 0.453071
v 0.226971 3.243101 0.439974
v 0.064535 3.951574 0.418017
v -0.294378 3.862297 0.433517
v 0.153135 3.701080 0.420521
v -0.203630 3.696832 0.437236
v -0.427168 4.711249 0.401401
v -0.646377 4.459661 0.403659
v -0.312894 4.567107 0.408557
v -0.591288 4.376220 0.412506
v -0.535177 4.788834 0.396715
v -0.735802 4.521459 0.397284
v 0.138435 0.480219 0.247059
v 0.206284 0.581175 0.263739
v 0.249779 0.733621 0.311306
v 0.303323 1.006581 0.384759
v 0.327376 1.327759 0.475362
v 0.326159 1.655300 0.599626
v 0.423008 2.120394 0.757737
v 0.319725 2.550853 0.865214
v 0.300404 2.864697 0.805313
v 0.233347 3.045195 0.783902
v -0.249390 3.060256 0.762171
v 0.094331 3.372627 0.830808
v -0.284059 3.360757 0.813382
v -0.039299 3.795619 0.834955
v -0.358208 3.611864 0.816489
v -0.622225 4.188415 0.840423
v -0.654595 3.833698 0.817751
v -1.172335 3.928319 0.839805
v -0.980416 3.613066 0.801531
v -1.371092 3.775421 0.841977
v -1.231726 3.536123 0.827034
v -1.333291 3.621733 0.824266
v -0.206887 0.460891 0.272695
v -0.295657 0.559139 0.319560
v -0.331720 0.721432 0.366412
v -0.363307 0.990465 0.446948
v -0.426643 1.308303 0.549966
v -0.441904 1.704778 0.672216
v -0.359296 2.069952 0.751962
v -0.291993 2.770979 0.729465
v -0.305823 2.420820 0.716362
v 0.157855 3.191824 0.812203
v -0.244814 3.211273 0.798414
v 0.020837 3.632814 0.834323
v -0.331521 3.552540 0.815922
v -0.202160 3.958919 0.836511
v -0.466060 3.682948 0.816944
v -0.835379 4.149301 0.840268
v -0.717003 3.790779 0.815204
v -0.475954 4.129373 0.839372
v -0.638424 3.818159 0.817692
v -1.120578 3.526648 0.900294
v -1.172689 3.575557 0.741794
v -1.323145 3.832398 0.943675
v -1.270229 3.699441 1.050488
v -1.233872 3.596227 0.978488
v -1.297022 3.807990 0.760464
v -1.230958 3.680387 0.715635
v -1.137848 3.548920 0.810473
v -1.313570 3.845059 0.842487
v -1.083768 2.528844 1.179238
v -1.005237 2.666042 1.028792
v -0.930918 2.819629 1.246677
v -1.001109 2.715207 1.359536
v -0.931973 2.794174 1.094728
v -1.060136 2.576821 1.309487
v -1.057785 2.573926 1.081850
v -0.021099 0.439344 0.395034
v -0.020097 0.435871 0.337126
v -0.022252 0.436527 0.285503
v -0.025908 0.437175 0.246250
v -0.029533 0.437777 0.207222
v -0.031574 0.438056 0.170700
v -0.034448 0.438473 0.130904
v -0.037138 0.438958 0.093358
v -0.039163 0.439817 0.052617
v -0.038604 0.441524 0.007249
v -0.036540 0.444093 -0.047300
v -0.033468 0.446927 -0.097715
v -0.028728 0.450684 -0.162770
v -0.021282 0.464642 -0.276227
vt 0.781214 0.028577
vt 0.783736 0.017995
vt 0.786583 0.018804
vt 0.784672 0.029369
vt 0.812800 0.033111
vt 0.813921 0.023345
vt 0.817751 0.023987
vt 0.816696 0.033458
vt 0.837103 0.033533
vt 0.838394 0.023857
vt 0.850328 0.017507
vt 0.855361 0.028109
vt 0.774759 0.041169
vt 0.778950 0.041717
vt 0.810820 0.048409
vt 0.815301 0.049157
vt 0.838319 0.049434
vt 0.861024 0.044057
vt 0.762374 0.021648
vt 0.768189 0.012662
vt 0.775239 0.015373
vt 0.770854 0.025642
vt 0.753192 0.035843
vt 0.761974 0.038662
vt 0.826518 0.034260
vt 0.827344 0.025315
vt 0.826414 0.049770
vt 0.845749 0.078909
vt 0.828893 0.077893
vt 0.872072 0.072910
vt 0.813261 0.076088
vt 0.807789 0.075315
vt 0.745483 0.064502
vt 0.735322 0.061438
vt 0.769310 0.068671
vt 0.763492 0.068020
vt 0.757937 0.100309
vt 0.750274 0.099036
vt 0.853706 0.109054
vt 0.833271 0.109287
vt 0.889982 0.112571
vt 0.813993 0.108897
vt 0.807005 0.107997
vt 0.727136 0.094260
vt 0.714313 0.089197
vt 0.742037 0.132581
vt 0.730138 0.129019
vt 0.869295 0.139955
vt 0.843735 0.142603
vt 0.899182 0.133972
vt 0.819610 0.144564
vt 0.809935 0.143434
vt 0.694342 0.115420
vt 0.682704 0.108863
vt 0.731855 0.172057
vt 0.719353 0.166890
vt 0.882168 0.180894
vt 0.854400 0.180733
vt 0.910092 0.172321
vt 0.827632 0.179556
vt 0.815294 0.179114
vt 0.678064 0.146191
vt 0.662318 0.135422
vt 0.654858 0.181208
vt 0.640414 0.161677
vt 0.714371 0.213475
vt 0.699190 0.206116
vt 0.900301 0.222440
vt 0.870001 0.226739
vt 0.918362 0.214303
vt 0.841682 0.229678
vt 0.826048 0.229173
vt 0.638677 0.200182
vt 0.621627 0.180726
vt 0.704220 0.262998
vt 0.686452 0.246457
vt 0.915899 0.265285
vt 0.885071 0.275389
vt 0.927477 0.256876
vt 0.854868 0.284804
vt 0.833797 0.284116
vt 0.796773 0.031104
vt 0.798236 0.020786
vt 0.802199 0.021120
vt 0.800795 0.031463
vt 0.792637 0.044889
vt 0.797168 0.045709
vt 0.791270 0.072709
vt 0.785783 0.071827
vt 0.785915 0.105068
vt 0.778924 0.103990
vt 0.780700 0.139527
vt 0.770993 0.137948
vt 0.779821 0.177733
vt 0.767823 0.176583
vt 0.777548 0.225718
vt 0.761563 0.223433
vt 0.772602 0.283701
vt 0.754806 0.278705
vt 0.688422 0.283987
vt 0.673766 0.268662
vt 0.783700 0.335248
vt 0.792601 0.349554
vt 0.783081 0.363189
vt 0.776788 0.352634
vt 0.771136 0.319939
vt 0.750164 0.307691
vt 0.935225 0.278033
vt 0.920117 0.279711
vt 0.895349 0.291515
vt 0.408858 0.174747
vt 0.429851 0.183210
vt 0.421713 0.200996
vt 0.402164 0.195334
vt 0.445275 0.155447
vt 0.434706 0.169378
vt 0.412408 0.156787
vt 0.421887 0.141061
vt 0.421480 0.285592
vt 0.394825 0.289425
vt 0.424879 0.237115
vt 0.443781 0.269471
vt 0.375137 0.329714
vt 0.394206 0.308055
vt 0.396871 0.325177
vt 0.383153 0.344298
vt 0.664618 0.313705
vt 0.654889 0.322600
vt 0.651377 0.304634
vt 0.668963 0.293166
vt 0.658427 0.281939
vt 0.642943 0.295618
vt 0.346181 0.365025
vt 0.352501 0.353494
vt 0.366608 0.363709
vt 0.357197 0.368631
vt 0.414704 0.303028
vt 0.414574 0.321859
vt 0.363150 0.340624
vt 0.374100 0.353747
vt 0.780870 0.017212
vt 0.777756 0.027767
vt 0.770547 0.040595
vt 0.757647 0.067332
vt 0.742596 0.097707
vt 0.718353 0.125348
vt 0.704843 0.160418
vt 0.684355 0.198711
vt 0.670960 0.231319
vt 0.660410 0.255235
vt 0.631983 0.229545
vt 0.624911 0.249198
vt 0.647821 0.272105
vt 0.634082 0.287065
vt 0.614932 0.267357
vt 0.622488 0.316893
vt 0.630532 0.324627
vt 0.622370 0.332968
vt 0.614260 0.325631
vt 0.388172 0.374346
vt 0.396440 0.369044
vt 0.401577 0.378540
vt 0.393441 0.382456
vt 0.409010 0.358216
vt 0.414887 0.370499
vt 0.595404 0.292254
vt 0.614179 0.309259
vt 0.606026 0.318332
vt 0.586421 0.302622
vt 0.637807 0.338864
vt 0.630564 0.345980
vt 0.424388 0.349782
vt 0.429699 0.360931
vt 0.370337 0.385837
vt 0.380349 0.379894
vt 0.385500 0.386563
vt 0.375274 0.393537
vt 0.432986 0.404592
vt 0.446678 0.395420
vt 0.449701 0.401497
vt 0.436104 0.410517
vt 0.395119 0.426333
vt 0.405562 0.419559
vt 0.409078 0.425265
vt 0.398674 0.432103
vt 0.585312 0.356659
vt 0.592900 0.363174
vt 0.587698 0.368616
vt 0.580221 0.362133
vt 0.413161 0.415730
vt 0.420799 0.412011
vt 0.424067 0.417749
vt 0.416555 0.421428
vt 0.558804 0.335101
vt 0.577719 0.350123
vt 0.572686 0.355749
vt 0.553874 0.340763
vt 0.600388 0.375654
vt 0.595238 0.380988
vt 0.575197 0.367393
vt 0.582408 0.373806
vt 0.554382 0.401340
vt 0.548542 0.395171
vt 0.419434 0.426499
vt 0.426655 0.422854
vt 0.440462 0.448910
vt 0.435435 0.452564
vt 0.549097 0.345946
vt 0.567875 0.361218
vt 0.542237 0.389542
vt 0.522483 0.376699
vt 0.438946 0.415721
vt 0.452746 0.443299
vt 0.590683 0.385936
vt 0.564234 0.413712
vt 0.452617 0.407081
vt 0.468034 0.439466
vt 0.401841 0.437299
vt 0.412284 0.430345
vt 0.430350 0.456542
vt 0.421068 0.465910
vt 0.441130 0.460442
vt 0.445697 0.456848
vt 0.448990 0.462751
vt 0.445027 0.465712
vt 0.515260 0.389676
vt 0.535682 0.398656
vt 0.532910 0.403352
vt 0.514803 0.400226
vt 0.456211 0.453392
vt 0.456437 0.461211
vt 0.550371 0.420442
vt 0.539829 0.423158
vt 0.540339 0.410309
vt 0.545440 0.406872
vt 0.468029 0.453834
vt 0.465627 0.463266
vt 0.431948 0.475513
vt 0.438144 0.464225
vt 0.443310 0.469057
vt 0.441177 0.476778
vt 0.541759 0.401826
vt 0.537613 0.405885
vt 0.523408 0.415399
vt 0.532483 0.420404
vt 0.448235 0.475977
vt 0.457424 0.474799
vt 0.236600 0.368567
vt 0.251898 0.360482
vt 0.254932 0.375535
vt 0.239132 0.380539
vt 0.739230 0.326658
vt 0.753688 0.336312
vt 0.741489 0.350862
vt 0.730329 0.343464
vt 0.693936 0.310886
vt 0.692992 0.333476
vt 0.678680 0.334747
vt 0.680650 0.320143
vt 0.267718 0.358131
vt 0.283916 0.357738
vt 0.281471 0.376042
vt 0.267889 0.374972
vt 0.314173 0.365336
vt 0.327543 0.372657
vt 0.318620 0.380186
vt 0.308439 0.379665
vt 0.299751 0.360628
vt 0.295487 0.377171
vt 0.759965 0.356576
vt 0.748229 0.363443
vt 0.788701 0.030062
vt 0.790458 0.019635
vt 0.794318 0.020500
vt 0.792746 0.030741
vt 0.783526 0.042896
vt 0.788098 0.044038
vt 0.780300 0.070904
vt 0.774807 0.069808
vt 0.771931 0.102850
vt 0.764936 0.101608
vt 0.761316 0.136253
vt 0.751654 0.134468
vt 0.755844 0.175295
vt 0.743881 0.173753
vt 0.745439 0.220630
vt 0.729715 0.217230
vt 0.738322 0.273147
vt 0.721332 0.268514
vt 0.730541 0.297538
vt 0.709888 0.290664
vt 0.709160 0.313932
vt 0.724464 0.318583
vt 0.718260 0.336803
vt 0.705293 0.334806
vt 0.685353 0.362573
vt 0.683868 0.367452
vt 0.670736 0.367636
vt 0.672061 0.362714
vt 0.244718 0.404703
vt 0.258886 0.404566
vt 0.259198 0.409309
vt 0.245204 0.409149
vt 0.303010 0.406799
vt 0.312452 0.404723
vt 0.311828 0.409136
vt 0.302540 0.411401
vt 0.269606 0.405388
vt 0.280461 0.406731
vt 0.280354 0.411634
vt 0.269679 0.410263
vt 0.716771 0.372673
vt 0.726463 0.378173
vt 0.724177 0.382832
vt 0.714619 0.377522
vt 0.695948 0.364808
vt 0.706741 0.367321
vt 0.704810 0.372334
vt 0.694261 0.369780
vt 0.291919 0.406542
vt 0.291649 0.411338
vt 0.734938 0.388646
vt 0.732750 0.393177
vt 0.301637 0.417666
vt 0.311035 0.415646
vt 0.309066 0.453741
vt 0.298364 0.452949
vt 0.269728 0.416783
vt 0.280088 0.418080
vt 0.278920 0.452520
vt 0.268982 0.452330
vt 0.711243 0.385345
vt 0.720723 0.390311
vt 0.702384 0.432820
vt 0.693020 0.429021
vt 0.691484 0.377786
vt 0.701599 0.380466
vt 0.683785 0.425212
vt 0.675356 0.422060
vt 0.290976 0.417696
vt 0.288613 0.452678
vt 0.729563 0.399649
vt 0.712262 0.437113
vt 0.681452 0.375241
vt 0.666846 0.418837
vt 0.655922 0.415796
vt 0.668651 0.374848
vt 0.245575 0.415514
vt 0.259492 0.415872
vt 0.259096 0.452250
vt 0.245068 0.451995
vt 0.651495 0.463087
vt 0.641160 0.496408
vt 0.629892 0.495134
vt 0.640458 0.460031
vt 0.246464 0.492664
vt 0.260906 0.493635
vt 0.262387 0.524240
vt 0.248199 0.525034
vt 0.294267 0.493896
vt 0.305054 0.495456
vt 0.300635 0.528298
vt 0.290602 0.524689
vt 0.268858 0.493433
vt 0.276833 0.493370
vt 0.275555 0.523680
vt 0.269102 0.523804
vt 0.676390 0.472193
vt 0.684743 0.475660
vt 0.671028 0.506721
vt 0.664006 0.503245
vt 0.659830 0.465948
vt 0.668058 0.468914
vt 0.657040 0.500298
vt 0.649077 0.498107
vt 0.285532 0.493567
vt 0.282912 0.524023
vt 0.697288 0.480426
vt 0.684253 0.513870
vt 0.285549 0.541824
vt 0.280010 0.540860
vt 0.668112 0.532179
vt 0.660129 0.520054
vt 0.639157 0.515668
vt 0.631026 0.518104
vt 0.266364 0.540242
vt 0.255831 0.546139
vt 0.291004 0.546687
vt 0.274622 0.539689
vt 0.270228 0.539733
vt 0.655797 0.519051
vt 0.650986 0.516462
vt 0.645336 0.516702
vt 0.658369 0.536871
vt 0.264417 0.551625
vt 0.284013 0.553744
vt 0.637717 0.527240
vt 0.796792 0.073627
vt 0.792966 0.106084
vt 0.864746 0.341390
vt 0.859330 0.351310
vt 0.846037 0.343614
vt 0.852793 0.326779
vt 0.871014 0.311006
vt 0.844081 0.308132
vt 0.135243 0.335677
vt 0.150887 0.329132
vt 0.151805 0.348669
vt 0.137612 0.345851
vt 0.212361 0.353810
vt 0.222400 0.370818
vt 0.213309 0.376559
vt 0.199743 0.364673
vt 0.167265 0.332777
vt 0.183679 0.338453
vt 0.178031 0.355021
vt 0.164894 0.350959
vt 0.835659 0.325036
vt 0.832757 0.341889
vt 0.198704 0.345182
vt 0.189318 0.359174
vt 0.804877 0.032115
vt 0.806145 0.021908
vt 0.810046 0.022740
vt 0.808915 0.032765
vt 0.801755 0.046673
vt 0.806331 0.047610
vt 0.802330 0.074497
vt 0.800029 0.107039
vt 0.800249 0.142187
vt 0.790472 0.140915
vt 0.803190 0.178541
vt 0.791352 0.178220
vt 0.809948 0.228138
vt 0.793623 0.227165
vt 0.813801 0.282380
vt 0.793952 0.283630
vt 0.818596 0.306519
vt 0.795969 0.312585
vt 0.800815 0.328966
vt 0.818041 0.324495
vt 0.819010 0.341140
vt 0.805545 0.344867
vt 0.158614 0.375737
vt 0.169169 0.378410
vt 0.165396 0.390231
vt 0.155392 0.387668
vt 0.178555 0.382444
vt 0.187326 0.386780
vt 0.182407 0.397868
vt 0.174133 0.393909
vt 0.201522 0.393409
vt 0.196490 0.403573
vt 0.833890 0.375401
vt 0.844759 0.375823
vt 0.845584 0.391895
vt 0.834912 0.392010
vt 0.858033 0.377926
vt 0.858214 0.392296
vt 0.136649 0.370040
vt 0.148393 0.373843
vt 0.145605 0.385678
vt 0.134198 0.382602
vt 0.801090 0.380183
vt 0.804000 0.395713
vt 0.791839 0.398984
vt 0.789249 0.386280
vt 0.811508 0.377639
vt 0.822529 0.375497
vt 0.824379 0.392192
vt 0.814268 0.393906
vt 0.178713 0.406478
vt 0.192788 0.411187
vt 0.178969 0.442344
vt 0.164982 0.440553
vt 0.857797 0.402396
vt 0.859388 0.443141
vt 0.847855 0.442754
vt 0.845621 0.401956
vt 0.805750 0.405716
vt 0.812092 0.446214
vt 0.799811 0.446750
vt 0.793512 0.408456
vt 0.131750 0.391342
vt 0.143129 0.394796
vt 0.132756 0.430462
vt 0.122572 0.426174
vt 0.815394 0.404161
vt 0.825152 0.402584
vt 0.829940 0.444717
vt 0.821008 0.445419
vt 0.170558 0.402977
vt 0.157774 0.437486
vt 0.152745 0.397108
vt 0.162307 0.399659
vt 0.150717 0.434397
vt 0.141786 0.432519
vt 0.835416 0.402269
vt 0.838907 0.443674
vt 0.137362 0.447441
vt 0.146040 0.449753
vt 0.137289 0.474105
vt 0.129873 0.471393
vt 0.840247 0.460475
vt 0.849018 0.459650
vt 0.850544 0.487489
vt 0.842344 0.487851
vt 0.159490 0.454961
vt 0.174057 0.456734
vt 0.164786 0.482611
vt 0.150359 0.478447
vt 0.861434 0.459902
vt 0.863751 0.489740
vt 0.814445 0.462962
vt 0.818794 0.490737
vt 0.807850 0.492978
vt 0.802612 0.463426
vt 0.118788 0.440636
vt 0.128496 0.444923
vt 0.121777 0.469029
vt 0.112424 0.466428
vt 0.823088 0.462131
vt 0.831627 0.461544
vt 0.834378 0.488671
vt 0.826679 0.489490
vt 0.152777 0.452231
vt 0.143700 0.476024
vt 0.122277 0.483441
vt 0.112499 0.485314
vt 0.836167 0.504109
vt 0.830407 0.506010
vt 0.142408 0.490217
vt 0.136793 0.488148
vt 0.132138 0.485493
vt 0.127201 0.485157
vt 0.846952 0.503689
vt 0.841505 0.504432
vt 0.153128 0.496236
vt 0.857904 0.509694
vt 0.824168 0.505384
vt 0.814785 0.511088
vt 0.118036 0.495094
vt 0.138503 0.499440
vt 0.127599 0.500471
vt 0.848972 0.518364
vt 0.838305 0.523506
vt 0.825899 0.524090
vt 0.093487 0.261191
vt 0.081229 0.273811
vt 0.075368 0.262518
vt 0.083345 0.248620
vt 0.138016 0.305559
vt 0.128122 0.325456
vt 0.116887 0.324162
vt 0.112343 0.309273
vt 0.111929 0.275555
vt 0.095793 0.289256
vt 0.940328 0.293996
vt 0.927687 0.296536
vt 0.908874 0.309485
vt 0.889699 0.324471
vt 0.886642 0.338050
vt 0.874796 0.333499
vt 0.095996 0.316332
vt 0.104499 0.327967
vt 0.099251 0.330712
vt 0.090174 0.319444
vt 0.070733 0.285340
vt 0.083690 0.299758
vt 0.078794 0.303909
vt 0.066165 0.289858
vt 0.936928 0.311428
vt 0.948499 0.307381
vt 0.952221 0.313067
vt 0.941027 0.317463
vt 0.919196 0.324072
vt 0.923323 0.329832
vt 0.903005 0.336622
vt 0.907965 0.341859
vt 0.902085 0.353180
vt 0.897553 0.348397
vt 0.061484 0.278046
vt 0.065946 0.273672
vt 0.961839 0.348972
vt 0.971881 0.344568
vt 0.976831 0.352350
vt 0.967062 0.356610
vt 0.051027 0.325854
vt 0.061464 0.339715
vt 0.054518 0.344570
vt 0.044502 0.330776
vt 0.946307 0.360691
vt 0.951831 0.368388
vt 0.931856 0.371319
vt 0.937523 0.378692
vt 0.931826 0.389179
vt 0.926222 0.381630
vt 0.040911 0.312778
vt 0.034771 0.318470
vt 0.030756 0.307785
vt 0.036872 0.301785
vt 0.071313 0.349718
vt 0.064202 0.354577
vt 0.018504 0.335699
vt 0.013059 0.326136
vt 0.042052 0.369044
vt 0.034205 0.358093
vt 0.026040 0.345498
vt 0.991158 0.376230
vt 0.981589 0.379810
vt 0.967046 0.389501
vt 0.957944 0.403159
vt 0.949696 0.411490
vt 0.989524 0.402063
vt 0.980678 0.408490
vt 0.971486 0.413633
vt 0.964931 0.422648
vt 0.010399 0.349879
vt 0.001315 0.347444
vt 0.025593 0.375558
vt 0.022098 0.364299
vt 0.017056 0.355563
vt 0.999896 0.401592
vt 0.997185 0.412078
vt 0.989875 0.411328
vt 0.013430 0.366625
vt 0.011832 0.360944
vt 0.983384 0.413351
vt 0.979606 0.419315
vt 0.977872 0.425885
vt 0.006950 0.356618
vt 0.000104 0.357371
vt 0.013540 0.374063
vt 0.989507 0.421506
vt 0.003838 0.367624
vt 0.396225 0.222297
vt 0.206770 0.030942
vt 0.191313 0.013954
vt 0.201358 0.009235
vt 0.213071 0.021631
vt 0.222529 0.023709
vt 0.223587 0.035105
vt 0.232690 0.023162
vt 0.233431 0.034674
vt 0.238401 0.034644
vt 0.237648 0.022923
vt 0.242575 0.022792
vt 0.243363 0.034586
vt 0.248115 0.034359
vt 0.247261 0.022381
vt 0.251887 0.022082
vt 0.252861 0.034123
vt 0.256708 0.033449
vt 0.255762 0.021649
vt 0.259657 0.021278
vt 0.260530 0.032754
vt 0.264903 0.031759
vt 0.263133 0.020553
vt 0.266651 0.019880
vt 0.269253 0.030736
vt 0.274585 0.029624
vt 0.270347 0.018631
vt 0.274051 0.017465
vt 0.279877 0.028468
vt 0.285166 0.025623
vt 0.278186 0.015907
vt 0.282176 0.013929
vt 0.290597 0.021956
vt 0.302810 0.010787
vt 0.292441 0.004987
vt 0.200908 0.042737
vt 0.179565 0.025080
vt 0.220470 0.047637
vt 0.232655 0.047965
vt 0.238831 0.048210
vt 0.245017 0.048332
vt 0.249656 0.047965
vt 0.254295 0.047515
vt 0.258820 0.047121
vt 0.263357 0.046668
vt 0.268586 0.045483
vt 0.273820 0.044214
vt 0.279640 0.042492
vt 0.285505 0.040563
vt 0.292466 0.037173
vt 0.299919 0.032367
vt 0.317880 0.021725
vt 0.186925 0.066195
vt 0.162536 0.049976
vt 0.215205 0.072617
vt 0.227628 0.073651
vt 0.234860 0.074038
vt 0.242098 0.074312
vt 0.248544 0.073993
vt 0.255011 0.073601
vt 0.261472 0.073216
vt 0.267944 0.072744
vt 0.274917 0.071300
vt 0.281923 0.069741
vt 0.291109 0.067653
vt 0.300406 0.065387
vt 0.308763 0.060424
vt 0.317552 0.054435
vt 0.341606 0.043315
vt 0.107117 0.235162
vt 0.089521 0.227413
vt 0.126529 0.193562
vt 0.104412 0.186575
vt 0.142332 0.155505
vt 0.119498 0.146644
vt 0.157038 0.122062
vt 0.133372 0.109369
vt 0.166876 0.101836
vt 0.142293 0.087955
vt 0.131097 0.249239
vt 0.153316 0.204047
vt 0.168197 0.163610
vt 0.182570 0.131467
vt 0.192366 0.110722
vt 0.222732 0.114620
vt 0.211484 0.139162
vt 0.201851 0.171704
vt 0.186040 0.211151
vt 0.162108 0.268771
vt 0.232461 0.114533
vt 0.242463 0.114343
vt 0.222261 0.142398
vt 0.215138 0.179400
vt 0.201482 0.216124
vt 0.182935 0.276753
vt 0.165268 0.313444
vt 0.250344 0.114262
vt 0.258272 0.114055
vt 0.244312 0.146979
vt 0.233373 0.145473
vt 0.238382 0.187412
vt 0.226242 0.184378
vt 0.232068 0.223994
vt 0.217231 0.221138
vt 0.221454 0.287036
vt 0.204826 0.283683
vt 0.209761 0.329503
vt 0.189645 0.321003
vt 0.267265 0.112108
vt 0.276242 0.110181
vt 0.266866 0.150318
vt 0.255791 0.148255
vt 0.264909 0.189894
vt 0.251367 0.190120
vt 0.263496 0.228059
vt 0.247825 0.227072
vt 0.259292 0.290307
vt 0.238770 0.289906
vt 0.259463 0.336495
vt 0.231658 0.339593
vt 0.284614 0.107268
vt 0.292969 0.104213
vt 0.291125 0.149418
vt 0.278496 0.151231
vt 0.293829 0.189613
vt 0.279815 0.189124
vt 0.297444 0.229681
vt 0.279324 0.228445
vt 0.300423 0.288692
vt 0.279463 0.290021
vt 0.306489 0.337535
vt 0.284465 0.335674
vt 0.363270 0.069149
vt 0.340500 0.083448
vt 0.380816 0.099425
vt 0.362452 0.108339
vt 0.402100 0.123792
vt 0.391830 0.136921
vt 0.380579 0.152893
vt 0.350475 0.120697
vt 0.326968 0.088877
vt 0.303505 0.098549
vt 0.314107 0.092723
vt 0.337835 0.132458
vt 0.320853 0.140132
vt 0.363247 0.173309
vt 0.336274 0.182080
vt 0.339954 0.281764
vt 0.350863 0.325375
vt 0.330737 0.341674
vt 0.320961 0.286122
vt 0.333683 0.229941
vt 0.315729 0.230292
vt 0.308608 0.189418
vt 0.351699 0.228999
vt 0.381034 0.274716
vt 0.358198 0.277089
vt 0.368934 0.312662
vt 0.751967 0.011196
vt 0.760542 0.003152
vt 0.741093 0.026696
vt 0.723475 0.054431
vt 0.699740 0.079906
vt 0.668126 0.096731
vt 0.643816 0.119357
vt 0.623859 0.138117
vt 0.603695 0.158140
vt 0.454553 0.201818
vt 0.459679 0.230818
vt 0.598342 0.194123
vt 0.587574 0.170631
vt 0.458800 0.176953
vt 0.457452 0.188464
vt 0.464311 0.160998
vt 0.608362 0.210353
vt 0.466227 0.248039
vt 0.491655 0.225414
vt 0.496118 0.239256
vt 0.572870 0.212245
vt 0.563206 0.193655
vt 0.492996 0.177029
vt 0.486748 0.190793
vt 0.487050 0.200124
vt 0.583235 0.230850
vt 0.487555 0.209550
vt 0.494622 0.203788
vt 0.496502 0.195024
vt 0.505411 0.199961
vt 0.502623 0.205854
vt 0.565096 0.216759
vt 0.571352 0.233497
vt 0.558258 0.235880
vt 0.555741 0.221321
vt 0.498521 0.223192
vt 0.495413 0.211436
vt 0.501555 0.211816
vt 0.503846 0.217511
vt 0.507007 0.234561
vt 0.513330 0.223401
vt 0.555157 0.203166
vt 0.546848 0.215603
vt 0.503734 0.183043
vt 0.514594 0.193527
vt 0.513508 0.209512
vt 0.545930 0.231051
vt 0.768464 0.350878
vt 0.228204 0.365744
vt 0.675846 0.306938
vt 0.337722 0.370170
vt 0.434540 0.371145
vt 0.420190 0.380715
vt 0.391576 0.396294
vt 0.381198 0.403071
vt 0.613681 0.341777
vt 0.605712 0.334738
vt 0.407321 0.388596
vt 0.399404 0.392396
vt 0.597702 0.327692
vt 0.578348 0.312230
vt 0.621640 0.354634
vt 0.658539 0.443032
vt 0.654451 0.454506
vt 0.643449 0.451318
vt 0.647577 0.439843
vt 0.245577 0.474110
vt 0.259758 0.474763
vt 0.260491 0.485524
vt 0.246165 0.484618
vt 0.296550 0.475149
vt 0.307241 0.476281
vt 0.305949 0.487204
vt 0.295161 0.485806
vt 0.269002 0.474649
vt 0.277962 0.474393
vt 0.277179 0.485070
vt 0.268792 0.485287
vt 0.683509 0.452727
vt 0.692612 0.456287
vt 0.688180 0.467432
vt 0.679514 0.463985
vt 0.666290 0.446087
vt 0.674167 0.449273
vt 0.670946 0.460773
vt 0.662853 0.457578
vt 0.287159 0.474799
vt 0.286227 0.485475
vt 0.703831 0.460632
vt 0.700281 0.471958
vt 0.148433 0.442890
vt 0.139362 0.440854
vt 0.848519 0.452221
vt 0.839671 0.453104
vt 0.176237 0.450307
vt 0.161917 0.448595
vt 0.860534 0.452447
vt 0.813402 0.455598
vt 0.801402 0.456001
vt 0.130378 0.438536
vt 0.120486 0.434202
vt 0.830898 0.454205
vt 0.822166 0.454797
vt 0.155268 0.445693
vt 0.807050 0.000603
vt 0.803116 0.000276
vt 0.646795 0.534417
vt 0.273891 0.555683
vt 0.303685 0.147417
vt 0.284065 0.001468
vt 0.769359 0.001831
vt 0.775034 0.001205
vt 0.278476 0.000573
vt 0.780601 0.000836
vt 0.273040 0.000104
vt 0.784199 0.000533
vt 0.269509 0.000104
vt 0.265292 0.000171
vt 0.788516 0.000272
vt 0.791558 0.000254
vt 0.262367 0.000144
vt 0.258187 0.000400
vt 0.795869 0.000104
vt 0.799011 0.000104
vt 0.255137 0.000596
vt 0.251161 0.000814
vt 0.247260 0.001002
vt 0.240928 0.001229
vt 0.813425 0.001549
vt 0.817762 0.002373
vt 0.236636 0.001512
vt 0.230102 0.001828
vt 0.824233 0.004053
vt 0.217992 0.004253
vt 0.836447 0.007511

f 1205/515 1204/516 484/517 493/518
f 1013/519 1012/520 485/521 494/522
f 500/523 498/524 486/525 491/526
f 1206/527 1205/515 493/518 489/528
f 1014/529 1013/519 494/522 488/530
f 499/531 500/523 491/526 487/532
f 859/533 858/534 495/535 497/536
f 857/537 859/533 497/536 496/538
f 726/539 725/540 498/524 500/523
f 724/541 726/539 500/523 499/531
f 724/541 499/531 506/542 727/543
f 499/531 487/532 501/544 506/542
f 1014/529 488/530 502/545 1015/546
f 857/537 496/538 505/547 860/548
f 1206/527 489/528 503/549 1207/550
f 1207/550 503/549 509/551 1208/552
f 727/543 506/542 512/553 728/554
f 506/542 501/544 507/555 512/553
f 1015/546 502/545 508/556 1016/557
f 860/548 505/547 511/558 861/559
f 1208/552 509/551 515/560 1209/561
f 728/554 512/553 518/562 729/563
f 512/553 507/555 513/564 518/562
f 1016/557 508/556 514/565 1017/566
f 861/559 511/558 517/567 862/568
f 1209/561 515/560 521/569 1210/570
f 729/563 518/562 524/571 730/572
f 518/562 513/564 519/573 524/571
f 1017/566 514/565 520/574 1018/575
f 862/568 517/567 523/576 863/577
f 863/577 523/576 529/578 864/579
f 1210/570 521/569 527/580 1211/581
f 730/572 524/571 530/582 731/583
f 524/571 519/573 525/584 530/582
f 1018/575 520/574 526/585 1019/586
f 864/579 529/578 535/587 865/588
f 1211/581 527/580 533/589 1212/590
f 731/583 530/582 536/591 732/592
f 530/582 525/584 531/593 536/591
f 1019/586 526/585 532/594 1020/595
f 1128/596 1127/597 537/598 539/599
f 1120/600 1128/596 539/599 538/601
f 1120/600 538/601 540/602 1121/603
f 1121/603 540/602 541/604 1122/605
f 1122/605 541/604 542/606 1123/607
f 1123/607 542/606 543/608 1124/609
f 1124/609 543/608 544/610 1125/611
f 1125/611 544/610 545/612 1126/613
f 1212/590 533/589 548/614 1213/615
f 900/616 665/617 667/618 899/619
f 1126/613 545/612 552/620 1129/621
f 536/591 531/593 546/622 551/623
f 732/592 536/591 551/623 733/624
f 886/625 885/626 549/627 554/628
f 534/629 553/630 555/631 528/632
f 550/633 557/634 556/635 535/636
f 914/637 913/638 563/639 564/640
f 916/641 566/642 561/643 915/644
f 1235/645 915/644 561/643 1215/646
f 916/647 918/648 565/649 566/650
f 913/638 917/651 562/652 563/639
f 1236/653 914/637 564/640 1216/654
f 497/536 495/535 567/655 568/656
f 496/538 497/536 568/656 569/657
f 496/538 569/657 570/658 505/547
f 505/547 570/658 571/659 511/558
f 511/558 571/659 572/660 517/567
f 517/567 572/660 573/661 523/576
f 523/576 573/661 574/662 529/578
f 529/578 574/662 575/663 535/587
f 535/587 575/663 576/664 550/665
f 917/666 919/667 577/668 562/669
f 1237/670 920/671 578/672 1217/673
f 1238/674 922/675 581/676 1218/677
f 922/675 924/678 580/679 581/676
f 925/680 921/681 584/682 579/683
f 926/684 583/685 578/672 920/671
f 924/678 925/686 579/687 580/679
f 926/688 923/689 582/690 583/691
f 945/692 941/693 586/694 587/695
f 946/696 942/697 589/698 590/699
f 1243/700 943/701 585/702 1219/703
f 1244/704 944/705 588/706 1220/707
f 941/708 947/709 591/710 586/711
f 944/705 945/692 587/695 588/706
f 946/712 590/713 585/702 943/701
f 1241/714 934/715 592/716 1221/717
f 1242/718 936/719 595/720 1222/721
f 938/722 935/723 598/724 593/725
f 936/719 939/726 594/727 595/720
f 940/728 597/729 592/716 934/715
f 939/726 938/730 593/731 594/727
f 940/732 937/733 596/734 597/735
f 1252/736 1245/737 602/738 1224/739
f 1248/740 1247/741 605/742 600/743
f 1245/737 1249/744 601/745 602/738
f 1251/746 604/747 599/748 1250/749
f 1249/744 1248/750 600/751 601/745
f 1251/752 1246/753 603/754 604/755
f 1253/756 1250/749 599/748 1223/757
f 605/742 606/758 600/743
f 1225/759 1223/757 599/748 604/747
f 1224/739 1225/760 604/755 603/754
f 600/751 606/761 602/738 601/745
f 906/762 905/763 615/764 616/765
f 1149/766 907/767 611/768 1130/769
f 908/770 610/771 613/772 909/773
f 1150/774 910/775 614/776 1119/777
f 911/778 909/779 613/780 612/781
f 1192/782 911/778 612/781 1173/783
f 906/784 616/785 611/768 907/767
f 1169/786 1168/787 624/788 625/789
f 1161/790 1169/786 625/789 617/791
f 1161/790 617/791 618/792 1162/793
f 1162/793 618/792 619/794 1163/795
f 1163/795 619/794 620/796 1164/797
f 1164/797 620/796 621/798 1165/799
f 1165/799 621/798 622/800 1166/801
f 1166/801 622/800 623/802 1167/803
f 1167/803 623/802 626/804 1170/805
f 1193/806 912/807 627/808 1172/809
f 957/810 628/811 631/812 956/813
f 959/814 958/815 633/816 634/817
f 960/818 956/819 631/820 630/821
f 1153/822 961/823 632/824 1131/825
f 1154/826 962/827 629/828 1132/829
f 1196/830 963/831 635/832 1174/833
f 1197/834 960/818 630/821 1175/835
f 959/836 634/837 629/828 962/827
f 949/838 948/839 639/840 638/841
f 1151/842 950/843 640/844 1133/845
f 1152/846 952/847 637/848 1134/849
f 1194/850 953/851 643/852 1176/853
f 1195/854 949/838 638/841 1177/855
f 955/856 642/857 637/848 952/847
f 954/858 636/859 639/860 948/861
f 955/862 951/863 641/864 642/865
f 984/866 644/867 647/868 980/869
f 985/870 981/871 649/872 650/873
f 986/874 980/875 647/876 646/877
f 1159/878 982/879 648/880 1135/881
f 1160/882 983/883 645/884 1136/885
f 1202/886 987/887 651/888 1178/889
f 1203/890 986/874 646/877 1179/891
f 985/892 650/893 645/884 983/883
f 1179/891 646/877 654/894 1181/895
f 650/893 658/896 653/897 645/884
f 644/867 652/898 655/899 647/868
f 650/873 649/872 657/900 658/901
f 646/877 647/876 655/902 654/894
f 1135/881 648/880 656/903 1137/904
f 1136/885 645/884 653/897 1138/905
f 1178/889 651/888 659/906 1180/907
f 1138/905 653/897 658/896 1139/908
f 1137/904 1139/909 658/901 657/900
f 1181/895 654/894 655/902 1182/910
f 1180/907 1182/911 655/899 652/898
f 540/602 1082/912 1083/913 541/604
f 898/914 670/915 661/916 897/917
f 1020/595 532/594 547/918 1022/919
f 898/920 901/921 669/922 670/923
f 902/924 899/925 667/926 666/927
f 1043/928 903/929 668/930 1023/931
f 1044/932 897/917 661/916 1024/933
f 1108/934 902/924 666/927 1077/935
f 1080/936 1079/937 671/938 672/939
f 1081/940 1080/936 672/939 673/941
f 1081/940 673/941 674/942 1082/912
f 1082/912 674/942 675/943 1083/913
f 1083/913 675/943 676/944 1084/945
f 1084/945 676/944 677/946 1085/947
f 1085/947 677/946 678/948 1086/949
f 1086/949 678/948 679/950 1087/951
f 1087/951 679/950 680/952 1088/953
f 1109/954 904/955 681/956 1089/957
f 1045/958 988/959 686/960 1025/961
f 1110/962 990/963 684/964 1090/965
f 990/963 991/966 685/967 684/964
f 1046/968 992/969 682/970 1026/971
f 994/972 688/973 682/970 992/969
f 994/974 989/975 687/976 688/977
f 995/978 683/979 685/980 991/981
f 1111/982 993/983 689/984 1091/985
f 997/986 996/987 693/988 692/989
f 999/990 696/991 690/992 998/993
f 1000/994 691/995 693/996 996/997
f 999/998 1001/999 695/1000 696/1001
f 1112/1002 1002/1003 697/1004 1093/1005
f 1113/1006 997/986 692/989 1092/1007
f 1047/1008 1003/1009 694/1010 1027/1011
f 1048/1012 998/993 690/992 1028/1013
f 1059/1014 1051/1015 702/1016 1029/1017
f 1060/1018 1052/1019 698/1020 1030/1021
f 1056/1022 1053/1023 701/1024 700/1025
f 1057/1026 704/1027 698/1020 1052/1019
f 1058/1028 699/1029 701/1030 1053/1031
f 1057/1032 1054/1033 703/1034 704/1035
f 1116/1036 1055/1037 705/1038 1095/1039
f 1117/1040 1056/1022 700/1025 1094/1041
f 704/1035 703/1034 711/1042 712/1043
f 1095/1039 705/1038 713/1044 1097/1045
f 1094/1041 700/1025 708/1046 1096/1047
f 1029/1017 702/1016 710/1048 1031/1049
f 1030/1021 698/1020 706/1050 1032/1051
f 700/1025 701/1024 709/1052 708/1046
f 704/1027 712/1053 706/1050 698/1020
f 699/1029 707/1054 709/1055 701/1030
f 1031/1049 1033/1056 712/1043 711/1042
f 1096/1047 1098/1057 714/1058 710/1048
f 1032/1051 706/1050 712/1053 1033/1059
f 1097/1045 713/1044 714/1060 1098/1061
f 716/1062 723/1063 717/1064 546/1065
f 663/1066 664/1067 721/1068 720/1069
f 716/1062 715/1070 722/1071 723/1063
f 551/623 546/622 717/1072 719/1073
f 733/624 551/623 719/1073 734/1074
f 715/1070 663/1066 720/1069 722/1071
f 547/918 718/1075 721/1076 664/1077
f 494/522 485/521 725/540 726/539
f 488/530 494/522 726/539 724/541
f 488/530 724/541 727/543 502/545
f 502/545 727/543 728/554 508/556
f 508/556 728/554 729/563 514/565
f 514/565 729/563 730/572 520/574
f 520/574 730/572 731/583 526/585
f 526/585 731/583 732/592 532/594
f 532/594 732/592 733/624 547/918
f 547/918 733/624 734/1074 718/1075
f 1062/1078 1061/1079 739/1080 738/1081
f 1064/1082 1063/1083 740/1084 741/1085
f 1066/1086 1065/1087 735/1088 737/1089
f 1063/1083 1062/1078 738/1081 740/1084
f 1067/1090 1066/1086 737/1089 742/1091
f 1068/1092 1067/1090 742/1091 736/1093
f 1068/1092 736/1093 739/1094 1061/1095
f 1064/1082 741/1085 735/1096 1065/1097
f 1070/1098 1069/1099 743/1100 745/1101
f 1072/1102 1071/1103 746/1104 748/1105
f 1073/1106 1070/1098 745/1101 750/1107
f 1074/1108 1073/1106 750/1107 744/1109
f 1074/1108 744/1109 747/1110 1075/1111
f 1076/1112 749/1113 743/1114 1069/1115
f 1071/1103 1075/1116 747/1117 746/1104
f 1076/1112 1072/1102 748/1105 749/1113
f 749/1113 757/1118 751/1119 743/1114
f 746/1104 747/1117 755/1120 754/1121
f 749/1113 748/1105 756/1122 757/1118
f 745/1101 743/1100 751/1123 753/1124
f 748/1105 746/1104 754/1121 756/1122
f 750/1107 745/1101 753/1124 758/1125
f 744/1109 750/1107 758/1125 752/1126
f 744/1109 752/1126 755/1127 747/1110
f 758/1125 753/1124 761/1128 766/1129
f 752/1126 758/1125 766/1129 760/1130
f 752/1126 760/1130 763/1131 755/1127
f 757/1118 765/1132 759/1133 751/1119
f 754/1121 755/1120 763/1134 762/1135
f 757/1118 756/1122 764/1136 765/1132
f 753/1124 751/1123 759/1137 761/1128
f 756/1122 754/1121 762/1135 764/1136
f 761/1128 759/1137 767/1138 769/1139
f 764/1136 762/1135 770/1140 772/1141
f 766/1129 761/1128 769/1139 774/1142
f 760/1130 766/1129 774/1142 768/1143
f 760/1130 768/1143 771/1144 763/1131
f 765/1132 773/1145 767/1146 759/1133
f 762/1135 763/1134 771/1147 770/1140
f 765/1132 764/1136 772/1141 773/1145
f 775/1148 771/1144 768/1143 774/1142
f 772/1141 770/1140 771/1147 775/1149
f 772/1141 775/1149 767/1146 773/1145
f 774/1142 769/1139 767/1138 775/1148
f 554/628 549/627 556/635 776/1150
f 786/1151 491/1152 486/1153 777/1154
f 786/1151 777/1154 778/1155 787/1156
f 787/1156 778/1155 779/1157 788/1158
f 1035/1159 1034/1160 780/1161 789/1162
f 1100/1163 1099/1164 781/1165 790/1166
f 1141/1167 1140/1168 782/1169 791/1170
f 1184/1171 1183/1172 783/1173 792/1174
f 1227/1175 1226/1176 784/1177 793/1178
f 888/1179 887/1180 785/1181 794/1182
f 492/1183 794/1182 785/1181 483/1184
f 491/1152 786/1151 795/1185 487/1186
f 795/1185 786/1151 787/1156 796/1187
f 796/1187 787/1156 788/1158 797/1188
f 1036/1189 1035/1159 789/1162 798/1190
f 1101/1191 1100/1163 790/1166 799/1192
f 1142/1193 1141/1167 791/1170 800/1194
f 1185/1195 1184/1171 792/1174 801/1196
f 1228/1197 1227/1175 793/1178 802/1198
f 889/1199 888/1179 794/1182 803/1200
f 794/1182 492/1183 490/1201 803/1200
f 487/1186 795/1185 804/1202 501/1203
f 804/1202 795/1185 796/1187 805/1204
f 805/1204 796/1187 797/1188 806/1205
f 1037/1206 1036/1189 798/1190 807/1207
f 1102/1208 1101/1191 799/1192 808/1209
f 1143/1210 1142/1193 800/1194 809/1211
f 1186/1212 1185/1195 801/1196 810/1213
f 1229/1214 1228/1197 802/1198 811/1215
f 890/1216 889/1199 803/1200 812/1217
f 504/1218 812/1217 803/1200 490/1201
f 817/1219 716/1062 546/1065 531/1220
f 816/1221 817/1219 531/1220 525/1222
f 815/1223 816/1221 525/1222 519/1224
f 814/1225 815/1223 519/1224 513/1226
f 813/1227 814/1225 513/1226 507/1228
f 501/1203 804/1202 813/1227 507/1228
f 822/1229 715/1070 716/1062 817/1219
f 821/1230 822/1229 817/1219 816/1221
f 820/1231 821/1230 816/1221 815/1223
f 819/1232 820/1231 815/1223 814/1225
f 818/1233 819/1232 814/1225 813/1227
f 813/1227 804/1202 805/1204 818/1233
f 818/1233 805/1204 806/1205 823/1234
f 823/1234 824/1235 819/1232 818/1233
f 824/1235 825/1236 820/1231 819/1232
f 825/1236 826/1237 821/1230 820/1231
f 826/1237 827/1238 822/1229 821/1230
f 827/1238 663/1066 715/1070 822/1229
f 1038/1239 1037/1206 807/1207 828/1240
f 1038/1239 1039/1241 824/1235 823/1234
f 1039/1241 1040/1242 825/1236 824/1235
f 1040/1242 1041/1243 826/1237 825/1236
f 1041/1243 1042/1244 827/1238 826/1237
f 1042/1244 1021/1245 663/1066 827/1238
f 1103/1246 1102/1208 808/1209 833/1247
f 1103/1246 1104/1248 829/1249 828/1240
f 1104/1248 1105/1250 830/1251 829/1249
f 1105/1250 1106/1252 831/1253 830/1251
f 1106/1252 1107/1254 832/1255 831/1253
f 1107/1254 1078/1256 662/1257 832/1255
f 1144/1258 1143/1210 809/1211 838/1259
f 1144/1258 1145/1260 834/1261 833/1247
f 1145/1260 1146/1262 835/1263 834/1261
f 1146/1262 1147/1264 836/1265 835/1263
f 1147/1264 1148/1266 837/1267 836/1265
f 1148/1266 1118/1268 608/1269 837/1267
f 1187/1270 1186/1212 810/1213 843/1271
f 1187/1270 1188/1272 839/1273 838/1259
f 1188/1272 1189/1274 840/1275 839/1273
f 1189/1274 1190/1276 841/1277 840/1275
f 1190/1276 1191/1278 842/1279 841/1277
f 1191/1278 1171/1280 607/1281 842/1279
f 510/1282 848/1283 812/1217 504/1218
f 516/1284 849/1285 848/1283 510/1282
f 522/1286 850/1287 849/1285 516/1284
f 528/632 555/631 850/1287 522/1286
f 886/625 891/1288 850/1287 555/631
f 892/1289 849/1285 850/1287 891/1288
f 893/1290 848/1283 849/1285 892/1289
f 893/1290 890/1216 812/1217 848/1283
f 1230/1291 1229/1214 811/1215 851/1292
f 1230/1291 851/1292 852/1293 1231/1294
f 1231/1294 852/1293 853/1295 1232/1296
f 1233/1297 1214/1298 559/1299 847/1300
f 1232/1296 1234/1301 846/1302 845/1303
f 853/1295 554/628 776/1150 855/1304
f 1234/1301 1233/1297 847/1300 846/1302
f 776/1150 556/635 557/634 856/1305
f 856/1305 854/1306 855/1304 776/1150
f 856/1305 557/634 558/1307 854/1306
f 492/1308 483/1309 858/534 859/533
f 490/1310 492/1308 859/533 857/537
f 490/1310 857/537 860/548 504/1311
f 504/1311 860/548 861/559 510/1312
f 510/1312 861/559 862/568 516/1313
f 516/1313 862/568 863/577 522/1314
f 522/1314 863/577 864/579 528/1315
f 528/1315 864/579 865/588 534/1316
f 556/635 549/627 868/1317 870/1318
f 534/1316 865/588 871/1319 866/1320
f 885/626 553/630 869/1321 894/1322
f 553/630 534/629 866/1323 869/1321
f 865/588 535/587 867/1324 871/1319
f 535/636 556/635 870/1318 867/1325
f 867/1325 870/1318 876/1326 873/1327
f 866/1320 871/1319 877/1328 872/1329
f 869/1321 866/1323 872/1330 875/1331
f 894/1322 869/1321 875/1331 895/1332
f 871/1319 867/1324 873/1333 877/1328
f 870/1318 868/1317 874/1334 876/1326
f 1260/1335 1254/1336 881/1337 896/1338
f 1257/1339 1256/1340 879/1341 883/1342
f 1258/1343 1255/1344 880/1345 882/1346
f 1256/1347 1258/1343 882/1346 879/1348
f 1259/1349 1257/1339 883/1342 878/1350
f 1254/1336 1259/1351 878/1352 881/1337
f 555/631 553/630 885/626 886/625
f 793/1178 784/1177 887/1180 888/1179
f 802/1198 793/1178 888/1179 889/1199
f 811/1215 802/1198 889/1199 890/1216
f 554/628 853/1295 891/1288 886/625
f 852/1293 892/1289 891/1288 853/1295
f 851/1292 893/1290 892/1289 852/1293
f 851/1292 811/1215 890/1216 893/1290
f 549/627 885/626 894/1322 868/1317
f 868/1317 894/1322 895/1332 874/1334
f 1255/1344 1260/1335 896/1338 880/1345
f 896/1338 881/1337 884/1353 880/1345
f 884/1353 879/1348 882/1346
f 884/1354 883/1342 879/1341
f 883/1342 884/1354 878/1350
f 552/620 900/616 899/619 609/1355
f 664/1077 898/914 897/917 547/918
f 664/1067 663/1066 901/921 898/920
f 608/1269 609/1356 899/925 902/924
f 1021/1245 662/1257 903/929 1043/928
f 1022/919 547/918 897/917 1044/932
f 1078/1256 608/1269 902/924 1108/934
f 1088/953 680/952 904/955 1109/954
f 609/1356 608/1269 905/763 906/762
f 1129/621 552/620 907/767 1149/766
f 548/614 908/770 909/773 560/1357
f 1118/1268 607/1281 910/775 1150/774
f 559/1299 560/1358 909/779 911/778
f 1171/1280 559/1299 911/778 1192/782
f 609/1355 906/784 907/767 552/620
f 1170/805 626/804 912/807 1193/806
f 558/1307 557/634 913/638 914/637
f 560/1357 916/641 915/644 548/614
f 1213/615 548/614 915/644 1235/645
f 560/1358 559/1299 918/648 916/647
f 557/634 550/633 917/651 913/638
f 1214/1298 558/1307 914/637 1236/653
f 550/665 576/664 919/667 917/666
f 1215/646 561/643 920/671 1237/670
f 1216/654 564/640 922/675 1238/674
f 564/640 563/639 924/678 922/675
f 562/669 577/668 921/681 925/680
f 566/642 926/684 920/671 561/643
f 563/639 562/652 925/686 924/678
f 566/650 565/649 923/689 926/688
f 580/679 579/687 927/1359 928/1360
f 583/691 582/690 929/1361 930/1362
f 1217/673 578/672 931/1363 1239/1364
f 1218/677 581/676 933/1365 1240/1366
f 579/683 584/682 932/1367 927/1368
f 581/676 580/679 928/1360 933/1365
f 583/685 930/1369 931/1363 578/672
f 1219/703 585/702 934/715 1241/714
f 1220/707 588/706 936/719 1242/718
f 586/711 591/710 935/723 938/722
f 588/706 587/695 939/726 936/719
f 590/713 940/728 934/715 585/702
f 587/695 586/694 938/730 939/726
f 590/699 589/698 937/733 940/732
f 928/1360 927/1359 941/693 945/692
f 930/1362 929/1361 942/697 946/696
f 1239/1364 931/1363 943/701 1243/700
f 1240/1366 933/1365 944/705 1244/704
f 927/1368 932/1367 947/709 941/708
f 933/1365 928/1360 945/692 944/705
f 930/1369 946/712 943/701 931/1363
f 630/821 631/820 948/839 949/838
f 1131/825 632/824 950/843 1151/842
f 1132/829 629/828 952/847 1152/846
f 1174/833 635/832 953/851 1194/850
f 1175/835 630/821 949/838 1195/854
f 634/837 955/856 952/847 629/828
f 628/811 954/858 948/861 631/812
f 634/817 633/816 951/863 955/862
f 610/771 957/810 956/813 613/772
f 616/765 615/764 958/815 959/814
f 612/781 613/780 956/819 960/818
f 1119/777 614/776 961/823 1153/822
f 1130/769 611/768 962/827 1154/826
f 1172/809 627/808 963/831 1196/830
f 1173/783 612/781 960/818 1197/834
f 616/785 959/836 962/827 611/768
f 972/1370 965/1371 964/1372 976/1373
f 973/1374 977/1375 966/1376 967/1377
f 974/1378 976/1379 964/1380 968/1381
f 1157/1382 978/1383 969/1384 1155/1385
f 1158/1386 979/1387 970/1388 1156/1389
f 1200/1390 975/1391 971/1392 1198/1393
f 1201/1394 974/1378 968/1381 1199/1395
f 973/1396 967/1397 970/1388 979/1387
f 636/859 972/1370 976/1373 639/860
f 642/865 641/864 977/1375 973/1374
f 638/841 639/840 976/1379 974/1378
f 1133/845 640/844 978/1383 1157/1382
f 1134/849 637/848 979/1387 1158/1386
f 1176/853 643/852 975/1391 1200/1390
f 1177/855 638/841 974/1378 1201/1394
f 642/857 973/1396 979/1387 637/848
f 965/1371 984/866 980/869 964/1372
f 967/1377 966/1376 981/871 985/870
f 968/1381 964/1380 980/875 986/874
f 1155/1385 969/1384 982/879 1159/878
f 1156/1389 970/1388 983/883 1160/882
f 1198/1393 971/1392 987/887 1202/886
f 1199/1395 968/1381 986/874 1203/890
f 967/1397 985/892 983/883 970/1388
f 1023/931 668/930 988/959 1045/958
f 1077/935 666/927 990/963 1110/962
f 666/927 667/926 991/966 990/963
f 1024/933 661/916 992/969 1046/968
f 670/915 994/972 992/969 661/916
f 670/923 669/922 989/975 994/974
f 665/617 995/978 991/981 667/618
f 1089/957 681/956 993/983 1111/982
f 684/964 685/967 996/987 997/986
f 688/973 999/990 998/993 682/970
f 683/979 1000/994 996/997 685/980
f 688/977 687/976 1001/999 999/998
f 1091/985 689/984 1002/1003 1112/1002
f 1090/965 684/964 997/986 1113/1006
f 1025/961 686/960 1003/1009 1047/1008
f 1026/971 682/970 998/993 1048/1012
f 1027/1011 694/1010 1004/1398 1049/1399
f 1028/1013 690/992 1006/1400 1050/1401
f 692/989 693/988 1008/1402 1009/1403
f 696/991 1010/1404 1006/1400 690/992
f 691/995 1011/1405 1008/1406 693/996
f 696/1001 695/1000 1005/1407 1010/1408
f 1093/1005 697/1004 1007/1409 1114/1410
f 1092/1007 692/989 1009/1403 1115/1411
f 672/939 671/938 1012/520 1013/519
f 673/941 672/939 1013/519 1014/529
f 673/941 1014/529 1015/546 674/942
f 674/942 1015/546 1016/557 675/943
f 675/943 1016/557 1017/566 676/944
f 676/944 1017/566 1018/575 677/946
f 677/946 1018/575 1019/586 678/948
f 678/948 1019/586 1020/595 679/950
f 679/950 1020/595 1022/919 680/952
f 901/921 1043/928 1023/931 669/922
f 904/955 1044/932 1024/933 681/956
f 989/975 1045/958 1025/961 687/976
f 993/983 1046/968 1026/971 689/984
f 1001/999 1047/1008 1027/1011 695/1000
f 1002/1003 1048/1012 1028/1013 697/1004
f 1054/1033 1059/1014 1029/1017 703/1034
f 1055/1037 1060/1018 1030/1021 705/1038
f 703/1034 1029/1017 1031/1049 711/1042
f 705/1038 1030/1021 1032/1051 713/1044
f 710/1048 714/1058 1033/1056 1031/1049
f 713/1044 1032/1051 1033/1059 714/1060
f 788/1158 779/1157 1034/1160 1035/1159
f 797/1188 788/1158 1035/1159 1036/1189
f 806/1205 797/1188 1036/1189 1037/1206
f 823/1234 806/1205 1037/1206 1038/1239
f 828/1240 829/1249 1039/1241 1038/1239
f 829/1249 830/1251 1040/1242 1039/1241
f 830/1251 831/1253 1041/1243 1040/1242
f 831/1253 832/1255 1042/1244 1041/1243
f 832/1255 662/1257 1021/1245 1042/1244
f 663/1066 1021/1245 1043/928 901/921
f 680/952 1022/919 1044/932 904/955
f 669/922 1023/931 1045/958 989/975
f 681/956 1024/933 1046/968 993/983
f 687/976 1025/961 1047/1008 1001/999
f 689/984 1026/971 1048/1012 1002/1003
f 695/1000 1027/1011 1049/1399 1005/1407
f 697/1004 1028/1013 1050/1401 1007/1409
f 1049/1399 1004/1398 1051/1015 1059/1014
f 1050/1401 1006/1400 1052/1019 1060/1018
f 1009/1403 1008/1402 1053/1023 1056/1022
f 1010/1404 1057/1026 1052/1019 1006/1400
f 1011/1405 1058/1028 1053/1031 1008/1406
f 1010/1408 1005/1407 1054/1033 1057/1032
f 1114/1410 1007/1409 1055/1037 1116/1036
f 1115/1411 1009/1403 1056/1022 1117/1040
f 1005/1407 1049/1399 1059/1014 1054/1033
f 1007/1409 1050/1401 1060/1018 1055/1037
f 720/1069 721/1068 1061/1079 1062/1078
f 723/1063 722/1071 1063/1083 1064/1082
f 719/1073 717/1072 1065/1087 1066/1086
f 722/1071 720/1069 1062/1078 1063/1083
f 734/1074 719/1073 1066/1086 1067/1090
f 718/1075 734/1074 1067/1090 1068/1092
f 718/1075 1068/1092 1061/1095 721/1076
f 723/1063 1064/1082 1065/1097 717/1064
f 737/1089 735/1088 1069/1099 1070/1098
f 740/1084 738/1081 1071/1103 1072/1102
f 742/1091 737/1089 1070/1098 1073/1106
f 736/1093 742/1091 1073/1106 1074/1108
f 736/1093 1074/1108 1075/1111 739/1094
f 741/1085 1076/1112 1069/1115 735/1096
f 738/1081 739/1080 1075/1116 1071/1103
f 741/1085 740/1084 1072/1102 1076/1112
f 903/929 1108/934 1077/935 668/930
f 539/599 537/598 1079/937 1080/936
f 538/601 539/599 1080/936 1081/940
f 542/606 1084/945 1085/947 543/608
f 538/601 1081/940 1082/912 540/602
f 545/612 1087/951 1088/953 552/620
f 543/608 1085/947 1086/949 544/610
f 544/610 1086/949 1087/951 545/612
f 1270/1412 1079/937 537/598 1269/1413
f 900/616 1109/954 1089/957 665/617
f 988/959 1110/962 1090/965 686/960
f 995/978 1111/982 1091/985 683/979
f 1000/994 1112/1002 1093/1005 691/995
f 1003/1009 1113/1006 1092/1007 694/1010
f 1058/1028 1116/1036 1095/1039 699/1029
f 1051/1015 1117/1040 1094/1041 702/1016
f 699/1029 1095/1039 1097/1045 707/1054
f 702/1016 1094/1041 1096/1047 710/1048
f 708/1046 709/1052 1098/1057 1096/1047
f 707/1054 1097/1045 1098/1061 709/1055
f 789/1162 780/1161 1099/1164 1100/1163
f 798/1190 789/1162 1100/1163 1101/1191
f 807/1207 798/1190 1101/1191 1102/1208
f 828/1240 807/1207 1102/1208 1103/1246
f 833/1247 834/1261 1104/1248 1103/1246
f 834/1261 835/1263 1105/1250 1104/1248
f 835/1263 836/1265 1106/1252 1105/1250
f 836/1265 837/1267 1107/1254 1106/1252
f 837/1267 608/1269 1078/1256 1107/1254
f 662/1257 1078/1256 1108/934 903/929
f 552/620 1088/953 1109/954 900/616
f 668/930 1077/935 1110/962 988/959
f 665/617 1089/957 1111/982 995/978
f 683/979 1091/985 1112/1002 1000/994
f 686/960 1090/965 1113/1006 1003/1009
f 691/995 1093/1005 1114/1410 1011/1405
f 694/1010 1092/1007 1115/1411 1004/1398
f 1011/1405 1114/1410 1116/1036 1058/1028
f 1004/1398 1115/1411 1117/1040 1051/1015
f 625/789 624/788 1127/597 1128/596
f 617/791 625/789 1128/596 1120/600
f 617/791 1120/600 1121/603 618/792
f 618/792 1121/603 1122/605 619/794
f 619/794 1122/605 1123/607 620/796
f 620/796 1123/607 1124/609 621/798
f 621/798 1124/609 1125/611 622/800
f 622/800 1125/611 1126/613 623/802
f 623/802 1126/613 1129/621 626/804
f 912/807 1149/766 1130/769 627/808
f 905/763 1150/774 1119/777 615/764
f 958/815 1153/822 1131/825 633/816
f 963/831 1154/826 1132/829 635/832
f 951/863 1151/842 1133/845 641/864
f 953/851 1152/846 1134/849 643/852
f 981/871 1159/878 1135/881 649/872
f 987/887 1160/882 1136/885 651/888
f 649/872 1135/881 1137/904 657/900
f 651/888 1136/885 1138/905 659/906
f 659/906 1138/905 1139/908 660/1414
f 656/903 660/1415 1139/909 1137/904
f 790/1166 781/1165 1140/1168 1141/1167
f 799/1192 790/1166 1141/1167 1142/1193
f 808/1209 799/1192 1142/1193 1143/1210
f 833/1247 808/1209 1143/1210 1144/1258
f 838/1259 839/1273 1145/1260 1144/1258
f 839/1273 840/1275 1146/1262 1145/1260
f 840/1275 841/1277 1147/1264 1146/1262
f 841/1277 842/1279 1148/1266 1147/1264
f 842/1279 607/1281 1118/1268 1148/1266
f 626/804 1129/621 1149/766 912/807
f 608/1269 1118/1268 1150/774 905/763
f 633/816 1131/825 1151/842 951/863
f 635/832 1132/829 1152/846 953/851
f 615/764 1119/777 1153/822 958/815
f 627/808 1130/769 1154/826 963/831
f 977/1375 1157/1382 1155/1385 966/1376
f 975/1391 1158/1386 1156/1389 971/1392
f 641/864 1133/845 1157/1382 977/1375
f 643/852 1134/849 1158/1386 975/1391
f 966/1376 1155/1385 1159/878 981/871
f 971/1392 1156/1389 1160/882 987/887
f 910/775 1192/782 1173/783 614/776
f 493/518 484/517 1168/787 1169/786
f 489/528 493/518 1169/786 1161/790
f 489/528 1161/790 1162/793 503/549
f 503/549 1162/793 1163/795 509/551
f 509/551 1163/795 1164/797 515/560
f 515/560 1164/797 1165/799 521/569
f 521/569 1165/799 1166/801 527/580
f 527/580 1166/801 1167/803 533/589
f 533/589 1167/803 1170/805 548/614
f 908/770 1193/806 1172/809 610/771
f 957/810 1196/830 1174/833 628/811
f 961/823 1197/834 1175/835 632/824
f 954/858 1194/850 1176/853 636/859
f 950/843 1195/854 1177/855 640/844
f 984/866 1202/886 1178/889 644/867
f 982/879 1203/890 1179/891 648/880
f 648/880 1179/891 1181/895 656/903
f 644/867 1178/889 1180/907 652/898
f 656/903 1181/895 1182/910 660/1415
f 659/906 660/1414 1182/911 1180/907
f 791/1170 782/1169 1183/1172 1184/1171
f 800/1194 791/1170 1184/1171 1185/1195
f 809/1211 800/1194 1185/1195 1186/1212
f 838/1259 809/1211 1186/1212 1187/1270
f 843/1271 844/1416 1188/1272 1187/1270
f 844/1416 845/1303 1189/1274 1188/1272
f 845/1303 846/1302 1190/1276 1189/1274
f 846/1302 847/1300 1191/1278 1190/1276
f 847/1300 559/1299 1171/1280 1191/1278
f 607/1281 1171/1280 1192/782 910/775
f 548/614 1170/805 1193/806 908/770
f 628/811 1174/833 1194/850 954/858
f 632/824 1175/835 1195/854 950/843
f 610/771 1172/809 1196/830 957/810
f 614/776 1173/783 1197/834 961/823
f 972/1370 1200/1390 1198/1393 965/1371
f 978/1383 1201/1394 1199/1395 969/1384
f 636/859 1176/853 1200/1390 972/1370
f 640/844 1177/855 1201/1394 978/1383
f 965/1371 1198/1393 1202/886 984/866
f 969/1384 1199/1395 1203/890 982/879
f 568/656 567/655 1204/516 1205/515
f 569/657 568/656 1205/515 1206/527
f 569/657 1206/527 1207/550 570/658
f 570/658 1207/550 1208/552 571/659
f 571/659 1208/552 1209/561 572/660
f 572/660 1209/561 1210/570 573/661
f 573/661 1210/570 1211/581 574/662
f 574/662 1211/581 1212/590 575/663
f 575/663 1212/590 1213/615 576/664
f 919/667 1235/645 1215/646 577/668
f 918/648 1236/653 1216/654 565/649
f 921/681 1237/670 1217/673 584/682
f 923/689 1238/674 1218/677 582/690
f 947/709 1243/700 1219/703 591/710
f 942/697 1244/704 1220/707 589/698
f 935/723 1241/714 1221/717 598/724
f 937/733 1242/718 1222/721 596/734
f 1246/753 1252/736 1224/739 603/754
f 1247/741 1253/756 1223/757 605/742
f 606/758 605/742 1223/757 1225/759
f 602/738 606/761 1225/760 1224/739
f 792/1174 783/1173 1226/1176 1227/1175
f 801/1196 792/1174 1227/1175 1228/1197
f 810/1213 801/1196 1228/1197 1229/1214
f 843/1271 810/1213 1229/1214 1230/1291
f 843/1271 1230/1291 1231/1294 844/1416
f 844/1416 1231/1294 1232/1296 845/1303
f 854/1306 558/1307 1214/1298 1233/1297
f 853/1295 855/1304 1234/1301 1232/1296
f 855/1304 854/1306 1233/1297 1234/1301
f 576/664 1213/615 1235/645 919/667
f 559/1299 1214/1298 1236/653 918/648
f 577/668 1215/646 1237/670 921/681
f 565/649 1216/654 1238/674 923/689
f 584/682 1217/673 1239/1364 932/1367
f 582/690 1218/677 1240/1366 929/1361
f 591/710 1219/703 1241/714 935/723
f 589/698 1220/707 1242/718 937/733
f 932/1367 1239/1364 1243/700 947/709
f 929/1361 1240/1366 1244/704 942/697
f 1222/721 595/720 1245/737 1252/736
f 593/725 598/724 1247/741 1248/740
f 595/720 594/727 1249/744 1245/737
f 597/729 1251/746 1250/749 592/716
f 594/727 593/731 1248/750 1249/744
f 597/735 596/734 1246/753 1251/752
f 1221/717 592/716 1250/749 1253/756
f 596/734 1222/721 1252/736 1246/753
f 598/724 1221/717 1253/756 1247/741
f 895/1332 875/1331 1254/1336 1260/1335
f 877/1328 873/1333 1256/1340 1257/1339
f 876/1326 874/1334 1255/1344 1258/1343
f 873/1327 876/1326 1258/1343 1256/1347
f 872/1329 877/1328 1257/1339 1259/1349
f 875/1331 872/1330 1259/1351 1254/1336
f 874/1334 895/1332 1260/1335 1255/1344
f 1261/1417 483/1184 785/1181
f 1261/1418 858/534 483/1309
f 858/534 1261/1418 1262/1419 495/535
f 887/1180 1262/1420 1261/1417 785/1181
f 1263/1421 567/655 495/535 1262/1419
f 1262/1420 887/1180 784/1177 1263/1422
f 1264/1423 1204/516 567/655 1263/1421
f 1226/1176 1264/1424 1263/1422 784/1177
f 1264/1424 1226/1176 783/1173 1265/1425
f 1204/516 1264/1423 1265/1426 484/517
f 1266/1427 1168/787 484/517 1265/1426
f 1183/1172 1266/1428 1265/1425 783/1173
f 1266/1428 1183/1172 782/1169 1267/1429
f 1168/787 1266/1427 1267/1430 624/788
f 1268/1431 1127/597 624/788 1267/1430
f 1140/1168 1268/1432 1267/1429 782/1169
f 1268/1432 1140/1168 781/1165 1269/1433
f 1099/1164 1270/1434 1269/1433 781/1165
f 1270/1434 1099/1164 780/1161 1271/1435
f 1079/937 1270/1412 1271/1436 671/938
f 1272/1437 1012/520 671/938 1271/1436
f 1034/1160 1272/1438 1271/1435 780/1161
f 1272/1438 1034/1160 779/1157 1273/1439
f 1012/520 1272/1437 1273/1440 485/521
f 778/1155 1274/1441 1273/1439 779/1157
f 1274/1442 725/540 485/521 1273/1440
f 486/1153 1274/1441 778/1155 777/1154
f 498/524 725/540 1274/1442 486/525
f 541/604 1083/913 1084/945 542/606
f 537/598 1127/597 1268/1431 1269/1413
f 884/1353 881/1337 878/1352
f 880/1345 884/1353 882/1346




